
========================================================================================
Experiment: HalfCheetah-v4_cheetah_sd1_20260225_150907
Logged at: 2026-02-25T15:10:21
Config: {"baseline_gradient_steps": 5, "baseline_learning_rate": 0.005, "batch_size": 5000, "discount": 0.95, "env_name": "HalfCheetah-v4", "ep_len": null, "eval_batch_size": 3000, "exp_name": "cheetah", "gae_lambda": null, "layer_size": 64, "learning_rate": 0.01, "logs_txt_name": null, "n_iter": 100, "n_layers": 2, "no_gpu": false, "normalize_advantages": false, "save_dir": "/Users/sreeramranga/Documents/GitHub/cs185-hw-sp26/hw2/exp/HalfCheetah-v4_cheetah_sd1_20260225_150907", "scalar_log_freq": 1, "seed": 1, "use_baseline": false, "use_reward_to_go": true, "video_log_freq": -1, "which_gpu": 0}
----------------------------------------------------------------------------------------
Eval_AverageReturn,Eval_StdReturn,Eval_MaxReturn,Eval_MinReturn,Eval_AverageEpLen,Train_AverageReturn,Train_StdReturn,Train_MaxReturn,Train_MinReturn,Train_AverageEpLen,Actor Loss,Train_EnvstepsSoFar,TimeSinceStart,Initial_DataCollection_AverageReturn,step
-834.3577,62.330364,-755.13794,-907.4457,1000.0,-719.6971,38.681484,-666.9585,-777.5308,1000.0,-121.17140197753906,5000,0.7242021560668945,-719.6971,0
-833.7842,14.108739,-817.78284,-852.1073,1000.0,-833.78644,31.084362,-795.62756,-880.8541,1000.0,-139.23802185058594,10000,1.7429273128509521,,1
-928.1673,21.498734,-904.0359,-956.2502,1000.0,-832.57043,79.87646,-744.0474,-979.52856,1000.0,-137.03543090820312,15000,2.412429094314575,,2
-918.9246,71.265335,-828.9661,-1003.2577,1000.0,-886.244,77.235825,-742.8749,-968.9247,1000.0,-146.1901092529297,20000,3.0939509868621826,,3
-909.14886,65.635216,-834.9219,-994.5297,1000.0,-860.8175,54.477936,-807.7482,-948.851,1000.0,-141.24249267578125,25000,3.7645790576934814,,4
-957.524,123.949684,-816.1414,-1117.9567,1000.0,-899.89795,103.303535,-778.3141,-1089.5345,1000.0,-147.99671936035156,30000,4.430967092514038,,5
-1054.7261,60.78204,-971.58545,-1115.2017,1000.0,-979.28485,78.35683,-887.2728,-1093.491,1000.0,-158.8997802734375,35000,5.116635322570801,,6
-1147.1268,70.43055,-1070.4998,-1240.5486,1000.0,-1001.97766,64.96971,-902.5323,-1089.6992,1000.0,-163.83251953125,40000,5.789917945861816,,7
-1139.8146,93.049545,-1031.6246,-1258.7827,1000.0,-1105.6697,78.252365,-974.28326,-1206.8462,1000.0,-178.97369384765625,45000,6.471159219741821,,8
-1211.4008,16.010105,-1198.689,-1233.983,1000.0,-1198.825,65.16307,-1148.4124,-1323.9906,1000.0,-193.70834350585938,50000,7.149219274520874,,9
-1111.6183,74.05752,-1021.37244,-1202.7688,1000.0,-1210.4558,73.522385,-1079.3848,-1290.0496,1000.0,-195.73773193359375,55000,7.871406078338623,,10
-1054.3422,25.326729,-1023.15186,-1085.1865,1000.0,-1177.6766,49.69358,-1126.496,-1245.6974,1000.0,-190.01016235351562,60000,8.63655138015747,,11
-1032.0795,91.63392,-915.61975,-1139.5334,1000.0,-1036.6832,49.4784,-968.9698,-1121.208,1000.0,-166.04412841796875,65000,9.308162212371826,,12
-961.0823,35.491802,-934.1511,-1011.22943,1000.0,-1039.3195,69.505424,-941.84875,-1152.482,1000.0,-164.58311462402344,70000,10.026024103164673,,13
-884.6613,74.99571,-784.1666,-964.27106,1000.0,-966.15204,69.44591,-896.14246,-1092.6364,1000.0,-153.47779846191406,75000,10.706311225891113,,14
-952.0371,48.16835,-903.80896,-1017.81433,1000.0,-899.60333,104.1401,-701.3253,-997.25024,1000.0,-141.90020751953125,80000,11.473854064941406,,15
-856.9448,155.0777,-645.1458,-1012.1344,1000.0,-837.14465,125.40673,-662.0442,-1007.23413,1000.0,-132.5255584716797,85000,12.149330139160156,,16
-769.02216,76.490486,-668.1181,-853.2377,1000.0,-897.1743,89.4553,-794.1168,-1007.90234,1000.0,-140.75985717773438,90000,12.847836971282959,,17
-842.2615,100.00688,-701.00525,-918.9784,1000.0,-815.70636,46.18924,-761.6664,-884.2176,1000.0,-127.51456451416016,95000,13.509236097335815,,18
-905.85333,96.13256,-785.7186,-1021.0382,1000.0,-803.6641,63.78884,-711.3468,-892.8624,1000.0,-125.07371520996094,100000,14.175755023956299,,19
-892.35565,62.664307,-821.5272,-973.8971,1000.0,-751.56006,98.88121,-611.4415,-879.45276,1000.0,-115.95130157470703,105000,14.882224321365356,,20
-767.83563,50.70528,-697.3246,-814.39075,1000.0,-832.4297,137.52313,-627.12134,-1002.6664,1000.0,-129.4044189453125,110000,15.544492244720459,,21
-724.59344,76.12073,-657.9604,-831.1327,1000.0,-750.94214,132.87924,-506.55164,-880.85974,1000.0,-117.23902130126953,115000,16.208786010742188,,22
-748.5005,85.479126,-633.4525,-838.1647,1000.0,-768.9974,74.00179,-677.00793,-868.57434,1000.0,-117.23370361328125,120000,16.979687929153442,,23
-766.0286,59.78007,-702.0929,-845.89905,1000.0,-777.8628,74.36663,-684.8697,-862.3782,1000.0,-120.19202423095703,125000,17.73472809791565,,24
-720.5318,79.784744,-613.3024,-804.55707,1000.0,-737.0197,66.29828,-652.23413,-815.9248,1000.0,-112.45845031738281,130000,18.428778171539307,,25
-762.3149,118.49963,-604.12885,-889.32587,1000.0,-713.4831,106.69285,-506.47736,-813.10156,1000.0,-108.61787414550781,135000,19.095340251922607,,26
-663.09125,135.11852,-487.24106,-815.77014,1000.0,-727.60187,105.15044,-598.3215,-856.6631,1000.0,-109.8704605102539,140000,19.763848066329956,,27
-709.8542,49.727528,-655.68494,-775.7783,1000.0,-658.27264,124.320816,-433.8437,-791.79767,1000.0,-98.76538848876953,145000,20.435208082199097,,28
-710.5454,87.877594,-613.21674,-826.1355,1000.0,-654.18146,66.491394,-576.0158,-775.001,1000.0,-99.37152862548828,150000,21.10053038597107,,29
-595.88837,98.61833,-464.67932,-702.43805,1000.0,-656.3075,89.20065,-523.6738,-756.2489,1000.0,-99.067138671875,155000,21.777987241744995,,30
-680.64215,15.587781,-659.2556,-695.9647,1000.0,-692.7744,18.33528,-674.72064,-725.64215,1000.0,-104.74347686767578,160000,22.446584224700928,,31
-580.5496,53.420284,-507.6646,-634.2091,1000.0,-556.16003,74.312164,-461.585,-643.32495,1000.0,-83.14968872070312,165000,23.130564212799072,,32
-610.3758,52.053165,-550.1177,-677.12476,1000.0,-634.20087,44.438564,-553.6681,-679.501,1000.0,-93.84314727783203,170000,23.798115253448486,,33
-603.66956,21.909231,-577.2358,-630.88513,1000.0,-639.4173,84.52263,-580.2587,-805.47925,1000.0,-95.0593032836914,175000,24.465123176574707,,34
-624.82623,63.59035,-574.275,-714.5148,1000.0,-624.33575,21.851744,-596.5849,-661.49963,1000.0,-92.47740173339844,180000,25.13063931465149,,35
-586.33923,22.716696,-557.35657,-612.83374,1000.0,-596.68024,48.905075,-549.7234,-659.3759,1000.0,-88.48048400878906,185000,25.79789423942566,,36
-601.06494,25.297178,-565.5276,-622.4034,1000.0,-566.0592,14.524267,-541.20496,-585.71313,1000.0,-83.04540252685547,190000,26.469077110290527,,37
-583.117,16.055986,-571.31055,-605.8175,1000.0,-595.5744,42.262337,-546.13135,-648.25134,1000.0,-87.55193328857422,195000,27.161142110824585,,38
-566.7242,30.626133,-540.7019,-609.71985,1000.0,-627.96405,23.966808,-588.4834,-652.8416,1000.0,-91.5709228515625,200000,27.86959433555603,,39
-556.7005,32.048183,-534.0377,-602.0235,1000.0,-606.9365,40.654274,-566.51074,-671.16833,1000.0,-89.1924057006836,205000,28.537432193756104,,40
-608.93866,43.770664,-561.3197,-666.99915,1000.0,-616.3154,43.27439,-573.0508,-694.69604,1000.0,-90.41703796386719,210000,29.20896315574646,,41
-558.5749,33.897778,-526.3675,-605.4292,1000.0,-616.50916,89.15564,-518.95435,-766.7941,1000.0,-89.18507385253906,215000,29.88317608833313,,42
-472.5465,21.274277,-451.5372,-501.70187,1000.0,-537.47943,31.398136,-486.78662,-578.9959,1000.0,-77.16573333740234,220000,30.554548025131226,,43
-524.6907,14.727508,-509.79504,-544.7456,1000.0,-562.1819,48.06322,-514.5925,-652.75183,1000.0,-81.09602355957031,225000,31.219239234924316,,44
-534.96484,24.599924,-500.28058,-554.6489,1000.0,-507.0053,27.525927,-458.89886,-543.7405,1000.0,-72.08704376220703,230000,31.893051147460938,,45
-447.88293,47.7282,-394.12366,-510.1098,1000.0,-575.0964,92.18829,-434.22186,-716.7857,1000.0,-82.18997192382812,235000,32.563313245773315,,46
-414.03793,33.223328,-373.76828,-455.13583,1000.0,-495.42896,30.518103,-467.56516,-549.70435,1000.0,-70.77163696289062,240000,33.24690103530884,,47
-470.83463,37.542397,-420.87976,-511.38544,1000.0,-476.17603,54.801662,-414.15802,-549.7209,1000.0,-67.6819839477539,245000,33.925984144210815,,48
-373.27026,57.14466,-318.5914,-452.14548,1000.0,-394.0543,62.568573,-314.30963,-464.64563,1000.0,-55.67814254760742,250000,34.60361909866333,,49
-354.57028,23.476,-323.0109,-379.2768,1000.0,-410.3548,30.626413,-358.9361,-451.09338,1000.0,-58.112918853759766,255000,35.27742624282837,,50
-385.95572,40.257465,-339.09814,-437.38934,1000.0,-457.85236,73.249405,-360.82898,-584.99243,1000.0,-65.06378173828125,260000,35.94790506362915,,51
-406.76962,78.57066,-324.75192,-512.7003,1000.0,-477.54013,44.44372,-406.42102,-542.9792,1000.0,-66.8486328125,265000,36.71590709686279,,52
-481.36734,18.494802,-457.80463,-502.98157,1000.0,-363.28302,38.556488,-296.24857,-411.52594,1000.0,-50.93855667114258,270000,37.38682723045349,,53
-381.16736,28.271599,-359.9945,-421.12567,1000.0,-391.64075,37.29454,-325.95795,-440.8249,1000.0,-54.53347396850586,275000,38.08073019981384,,54
-398.72507,45.823944,-334.40842,-437.75928,1000.0,-400.39682,42.08043,-345.07135,-474.14087,1000.0,-55.73651885986328,280000,38.751888275146484,,55
-363.88428,47.544346,-313.21823,-427.498,1000.0,-499.4808,99.210945,-385.99255,-664.7706,1000.0,-69.40436553955078,285000,39.42163610458374,,56
-421.42017,60.88402,-342.67606,-490.95544,1000.0,-458.34613,47.629974,-370.20905,-505.016,1000.0,-63.14567565917969,290000,40.090816020965576,,57
-498.9222,102.22744,-380.7547,-630.1378,1000.0,-403.12375,47.812275,-344.4851,-486.03497,1000.0,-55.28232955932617,295000,40.76372504234314,,58
-432.70227,58.05631,-356.5378,-497.33698,1000.0,-497.9937,73.841,-396.06387,-622.8946,1000.0,-68.51145935058594,300000,41.48900008201599,,59
-411.31558,13.456561,-396.0921,-428.81686,1000.0,-485.14893,50.367744,-411.46667,-559.3236,1000.0,-66.40261840820312,305000,42.188138008117676,,60
-420.6121,15.828212,-400.80823,-439.55026,1000.0,-488.84317,79.91862,-405.5442,-625.67896,1000.0,-66.46572875976562,310000,42.88095426559448,,61
-397.68637,26.111946,-361.3911,-421.7282,1000.0,-408.6935,56.127556,-339.64902,-475.9881,1000.0,-55.0051383972168,315000,43.555016040802,,62
-394.16818,62.310936,-346.9104,-482.20984,1000.0,-430.3742,67.96673,-323.7028,-516.39496,1000.0,-58.16353225708008,320000,44.23021221160889,,63
-346.184,15.964175,-330.6739,-368.1468,1000.0,-370.90765,40.754154,-306.80664,-419.0999,1000.0,-48.99662399291992,325000,44.91770911216736,,64
-357.9913,44.65039,-294.87286,-391.14172,1000.0,-363.68634,53.371365,-297.28268,-442.09467,1000.0,-48.1929817199707,330000,45.593173027038574,,65
-405.71982,56.85374,-335.20972,-474.43777,1000.0,-363.17892,42.032116,-316.2659,-419.22714,1000.0,-49.09940719604492,335000,46.271523237228394,,66
-287.9172,14.1505785,-275.57288,-307.73016,1000.0,-413.3493,34.919014,-367.66388,-451.86334,1000.0,-54.65563201904297,340000,46.94855618476868,,67
-341.61148,30.757315,-298.20615,-365.76355,1000.0,-354.85245,43.15834,-286.14514,-414.22632,1000.0,-46.997982025146484,345000,47.625795125961304,,68
-338.25113,44.319355,-275.57742,-370.14716,1000.0,-361.1044,75.17868,-268.1958,-494.36252,1000.0,-47.45219421386719,350000,48.320789098739624,,69
-383.40878,8.836237,-371.2771,-392.06985,1000.0,-307.22302,96.771675,-220.3168,-493.1869,1000.0,-40.41019821166992,355000,49.09832191467285,,70
-305.78403,13.980705,-286.57376,-319.44067,1000.0,-352.23346,84.535255,-194.32556,-444.9936,1000.0,-46.31139373779297,360000,49.80138397216797,,71
-356.38858,18.542715,-342.19543,-382.58136,1000.0,-336.00348,44.65668,-258.68173,-378.2346,1000.0,-43.86879348754883,365000,50.48648118972778,,72
-372.73096,13.605187,-353.5063,-383.02145,1000.0,-305.2771,89.565674,-167.43936,-431.8788,1000.0,-40.059959411621094,370000,51.164819955825806,,73
-359.64233,28.780422,-326.706,-396.8196,1000.0,-329.0694,62.655437,-224.1222,-410.01123,1000.0,-42.390869140625,375000,51.84769105911255,,74
-346.26877,35.982403,-319.73795,-397.13983,1000.0,-342.4871,73.80783,-237.68396,-448.25314,1000.0,-44.2591438293457,380000,52.52793622016907,,75
-351.90005,34.68457,-305.03918,-387.8833,1000.0,-373.71332,40.451687,-302.13577,-413.7215,1000.0,-48.30226135253906,385000,53.23383402824402,,76
-345.60156,65.31016,-264.21494,-424.114,1000.0,-379.04004,49.27856,-315.0761,-432.1159,1000.0,-48.997493743896484,390000,53.91752815246582,,77
-300.2933,77.46439,-196.7904,-383.1327,1000.0,-341.83862,40.010204,-306.67523,-401.05298,1000.0,-44.00471878051758,395000,54.5982563495636,,78
-304.6138,81.17704,-207.63637,-406.3106,1000.0,-360.33063,35.36476,-329.30823,-424.57535,1000.0,-46.486942291259766,400000,55.27326536178589,,79
-382.5419,37.18413,-335.71338,-426.67587,1000.0,-345.7791,36.272404,-280.13336,-383.63513,1000.0,-44.14133071899414,405000,55.94819617271423,,80
-340.67648,45.76688,-284.01413,-396.09906,1000.0,-336.4374,50.797703,-269.252,-406.9016,1000.0,-42.60627365112305,410000,56.63739323616028,,81
-386.81494,15.616751,-364.76428,-398.91296,1000.0,-327.20087,46.475742,-246.67982,-379.2376,1000.0,-41.5689811706543,415000,57.31626915931702,,82
-295.91486,33.39203,-267.03436,-342.71216,1000.0,-341.93793,36.94087,-280.77557,-396.7523,1000.0,-43.36048126220703,420000,58.01457715034485,,83
-330.0555,6.5772853,-320.8125,-335.58026,1000.0,-367.01886,32.76021,-328.9101,-409.87128,1000.0,-46.73394012451172,425000,58.692108154296875,,84
-335.6652,65.20212,-271.92493,-425.24023,1000.0,-301.77823,49.14261,-237.04446,-350.92493,1000.0,-37.95772171020508,430000,59.36898612976074,,85
-318.5169,25.928593,-285.80704,-349.22406,1000.0,-282.17764,47.762966,-234.96425,-357.26663,1000.0,-34.98331069946289,435000,60.06200313568115,,86
-262.55228,15.228272,-249.37341,-283.8926,1000.0,-250.24362,20.637283,-229.74136,-284.0821,1000.0,-31.271013259887695,440000,60.7483913898468,,87
-277.16312,32.135616,-235.09511,-313.08868,1000.0,-297.99643,14.373858,-280.274,-318.98904,1000.0,-36.705650329589844,445000,61.42265701293945,,88
-289.41544,59.734856,-223.54497,-368.15668,1000.0,-297.4718,46.40612,-247.14755,-358.66394,1000.0,-36.706451416015625,450000,62.1071081161499,,89
-213.65741,46.066917,-148.50974,-246.51003,1000.0,-255.91768,38.93055,-190.92944,-297.4333,1000.0,-31.763647079467773,455000,62.80507707595825,,90
-225.39429,30.94272,-191.69766,-266.42072,1000.0,-271.54105,39.160374,-233.61673,-345.40237,1000.0,-33.19917678833008,460000,63.482649087905884,,91
-205.66682,18.411242,-187.5097,-230.90707,1000.0,-234.39734,51.08179,-165.50064,-281.925,1000.0,-28.468074798583984,465000,64.15581107139587,,92
-177.17342,49.25496,-111.40588,-229.93304,1000.0,-272.69443,70.66769,-186.85706,-378.67175,1000.0,-33.231163024902344,470000,64.83556509017944,,93
-268.20355,26.528496,-234.99945,-299.93033,1000.0,-204.555,21.409737,-173.73376,-226.91235,1000.0,-25.237443923950195,475000,65.5159432888031,,94
-204.52039,32.701107,-164.09058,-244.18051,1000.0,-256.20987,83.27943,-170.90192,-415.27484,1000.0,-31.296541213989258,480000,66.29990196228027,,95
-260.6377,58.474857,-214.71706,-343.15836,1000.0,-239.72128,89.127335,-111.4041,-388.5318,1000.0,-28.2515869140625,485000,66.98081016540527,,96
-228.89159,31.745459,-185.67172,-261.02264,1000.0,-262.70575,67.93446,-200.08139,-391.22046,1000.0,-31.778793334960938,490000,67.65783309936523,,97
-301.51758,130.1144,-162.11891,-475.23923,1000.0,-237.80278,42.436977,-196.41391,-317.91364,1000.0,-28.405025482177734,495000,68.3594241142273,,98
-187.46977,18.720222,-166.71603,-212.08153,1000.0,-170.0348,55.02711,-105.943054,-263.5417,1000.0,-19.877655029296875,500000,69.03446912765503,,99
========================================================================================

========================================================================================
Experiment: HalfCheetah-v4_cheetah_baseline_sd1_20260225_151152
Logged at: 2026-02-25T15:13:06
Config: {"baseline_gradient_steps": 5, "baseline_learning_rate": 0.01, "batch_size": 5000, "discount": 0.95, "env_name": "HalfCheetah-v4", "ep_len": null, "eval_batch_size": 3000, "exp_name": "cheetah_baseline", "gae_lambda": null, "layer_size": 64, "learning_rate": 0.01, "logs_txt_name": null, "n_iter": 100, "n_layers": 2, "no_gpu": false, "normalize_advantages": false, "save_dir": "/Users/sreeramranga/Documents/GitHub/cs185-hw-sp26/hw2/exp/HalfCheetah-v4_cheetah_baseline_sd1_20260225_151152", "scalar_log_freq": 1, "seed": 1, "use_baseline": true, "use_reward_to_go": true, "video_log_freq": -1, "which_gpu": 0}
----------------------------------------------------------------------------------------
Eval_AverageReturn,Eval_StdReturn,Eval_MaxReturn,Eval_MinReturn,Eval_AverageEpLen,Train_AverageReturn,Train_StdReturn,Train_MaxReturn,Train_MinReturn,Train_AverageEpLen,Actor Loss,Baseline Loss,Train_EnvstepsSoFar,TimeSinceStart,Initial_DataCollection_AverageReturn,step
-755.4656,39.959263,-707.82684,-805.61035,1000.0,-644.51013,53.71143,-586.022,-725.5153,1000.0,-107.83306121826172,154.1955108642578,5000,0.7986598014831543,-644.51013,0
-853.1519,51.21042,-786.20154,-910.5435,1000.0,-730.5167,61.968166,-613.9563,-782.0156,1000.0,-105.28347778320312,111.78002166748047,10000,1.8928148746490479,,1
-895.4566,27.042126,-857.56995,-918.9128,1000.0,-873.3963,52.7591,-803.2685,-921.23914,1000.0,-86.12275695800781,77.771484375,15000,2.572110891342163,,2
-928.2934,96.65821,-808.0486,-1044.7195,1000.0,-914.17224,52.34301,-838.00073,-984.67395,1000.0,-55.640113830566406,39.896018981933594,20000,3.2534780502319336,,3
-990.2783,12.610882,-980.1868,-1008.0588,1000.0,-891.8509,48.493443,-840.2932,-975.12396,1000.0,-26.21322250366211,33.189964294433594,25000,3.9364559650421143,,4
-838.83673,49.26168,-788.3329,-905.647,1000.0,-902.15137,69.924644,-764.5001,-954.4556,1000.0,-4.697281837463379,32.59169387817383,30000,4.653470039367676,,5
-822.35956,32.76108,-783.8222,-863.90125,1000.0,-887.65564,32.88595,-837.55383,-922.7638,1000.0,18.083528518676758,30.63263702392578,35000,5.347413063049316,,6
-852.446,7.189663,-842.30676,-858.1748,1000.0,-849.72626,56.785656,-790.44666,-938.30005,1000.0,21.826147079467773,33.52571487426758,40000,6.089371919631958,,7
-727.51587,42.112103,-670.01746,-769.7036,1000.0,-810.7782,42.82271,-726.6749,-846.833,1000.0,16.716585159301758,32.152462005615234,45000,6.801440000534058,,8
-727.3094,23.077267,-694.7686,-745.739,1000.0,-792.3674,68.18292,-699.46344,-908.5731,1000.0,14.476555824279785,31.785274505615234,50000,7.676578044891357,,9
-741.43866,36.47872,-714.9089,-793.02026,1000.0,-724.95,68.690186,-624.0974,-803.6942,1000.0,18.267017364501953,30.222789764404297,55000,8.48275899887085,,10
-681.0354,22.257141,-651.1206,-704.47217,1000.0,-726.04987,40.211678,-659.95056,-778.1877,1000.0,-30.40401268005371,104.49567413330078,60000,9.178346157073975,,11
-588.4291,37.079807,-551.7824,-639.2352,1000.0,-676.77936,77.49396,-616.50604,-824.7217,1000.0,-22.87464714050293,48.45680618286133,65000,9.867121934890747,,12
-681.04254,142.49805,-528.26544,-871.24194,1000.0,-762.28186,67.49888,-670.0591,-851.78735,1000.0,-43.90192413330078,76.476806640625,70000,10.555301904678345,,13
-569.4973,44.023438,-507.46368,-605.093,1000.0,-630.89954,73.84902,-559.5657,-772.0586,1000.0,-7.676823616027832,35.57271957397461,75000,11.304533958435059,,14
-729.23517,110.06045,-635.10876,-883.65344,1000.0,-662.89667,61.135395,-603.66956,-770.34357,1000.0,-3.7899820804595947,28.89379119873047,80000,12.239951848983765,,15
-635.3316,94.23181,-543.4271,-764.8579,1000.0,-645.6073,81.68204,-555.3336,-759.2267,1000.0,6.191495895385742,47.47781753540039,85000,12.91480302810669,,16
-689.6482,106.61883,-546.3478,-801.9199,1000.0,-565.71747,56.7468,-457.70728,-615.33154,1000.0,16.80695343017578,32.17563247680664,90000,13.578285217285156,,17
-570.77264,27.738546,-534.49194,-601.8329,1000.0,-554.2395,22.801783,-515.4769,-585.0857,1000.0,12.7415189743042,35.7864875793457,95000,14.247007131576538,,18
-552.3074,50.505558,-498.24948,-619.76556,1000.0,-566.2145,50.31585,-496.37823,-637.219,1000.0,1.082761287689209,33.071449279785156,100000,14.912678003311157,,19
-513.16364,54.517925,-448.91434,-582.198,1000.0,-574.6123,43.152184,-510.86414,-623.5463,1000.0,-5.4419121742248535,19.447959899902344,105000,15.576484203338623,,20
-493.31894,33.75522,-445.67822,-519.765,1000.0,-577.43097,131.23657,-449.73254,-738.1854,1000.0,-10.655037879943848,40.30860900878906,110000,16.24149513244629,,21
-601.0361,41.906563,-541.79395,-632.07715,1000.0,-521.4759,60.895992,-444.9284,-623.785,1000.0,2.009537696838379,25.749576568603516,115000,16.938399076461792,,22
-462.05615,5.4382806,-454.7238,-467.7322,1000.0,-470.69156,47.616024,-415.59634,-537.0614,1000.0,12.902932167053223,20.773967742919922,120000,18.09034490585327,,23
-548.74457,26.82575,-513.9249,-579.19763,1000.0,-564.35876,88.68446,-472.62024,-715.25006,1000.0,-5.278006076812744,34.911956787109375,125000,18.899684190750122,,24
-538.8339,7.838623,-532.1437,-549.83386,1000.0,-511.37726,46.098766,-450.88333,-557.08203,1000.0,0.3497830927371979,15.984179496765137,130000,19.590628147125244,,25
-463.303,63.095657,-405.6091,-551.1004,1000.0,-531.37225,66.067795,-454.48096,-637.2089,1000.0,-3.221811294555664,24.71341323852539,135000,20.760946035385132,,26
-484.92642,19.007536,-458.09927,-499.8089,1000.0,-523.0358,52.269264,-444.04974,-573.4445,1000.0,-2.1935465335845947,16.777706146240234,140000,21.489212036132812,,27
-484.75366,32.67371,-439.9411,-516.9187,1000.0,-492.98022,37.998997,-425.84167,-531.06036,1000.0,2.61450457572937,20.945964813232422,145000,22.21356701850891,,28
-462.4082,25.515306,-436.83685,-497.24213,1000.0,-482.2963,44.917927,-419.563,-557.2958,1000.0,3.869396924972534,19.4349308013916,150000,22.929879188537598,,29
-389.6815,21.144844,-363.97244,-415.7625,1000.0,-491.82236,52.33458,-409.63452,-569.5077,1000.0,-0.559553325176239,25.117794036865234,155000,23.64149498939514,,30
-453.03857,26.413246,-419.93976,-484.58267,1000.0,-435.1172,28.903315,-412.6521,-491.1895,1000.0,6.938791275024414,17.457780838012695,160000,24.32101798057556,,31
-374.52014,11.327404,-362.4223,-389.66284,1000.0,-416.8542,38.277992,-368.4104,-483.70456,1000.0,3.392971992492676,26.8167724609375,165000,25.002751111984253,,32
-416.40396,12.270497,-401.64514,-431.68784,1000.0,-411.22748,87.06228,-318.2096,-549.87744,1000.0,-0.4033273160457611,23.19365882873535,170000,25.68268918991089,,33
-487.77197,64.6193,-415.4696,-572.3252,1000.0,-414.85858,45.269577,-359.68533,-465.62094,1000.0,-2.637514114379883,16.56156349182129,175000,26.35891103744507,,34
-416.2565,53.28785,-376.1878,-491.56534,1000.0,-373.95062,9.050259,-359.66635,-383.23285,1000.0,2.888831377029419,13.486982345581055,180000,27.039870023727417,,35
-402.03455,22.20349,-371.65903,-424.11346,1000.0,-374.71075,46.504753,-302.33673,-432.31564,1000.0,2.9307639598846436,16.458709716796875,185000,27.718403816223145,,36
-392.64804,34.937145,-343.63782,-422.5758,1000.0,-370.6624,18.230465,-351.68146,-397.51727,1000.0,0.12312871962785721,18.638338088989258,190000,28.415899991989136,,37
-361.1788,39.40523,-330.57596,-416.8133,1000.0,-413.1747,34.674747,-381.79553,-478.42044,1000.0,-6.626307964324951,12.837394714355469,195000,29.121933221817017,,38
-389.00156,44.08313,-354.39465,-451.2133,1000.0,-381.73123,30.428293,-334.45935,-423.1246,1000.0,-0.8122838139533997,14.963276863098145,200000,29.82054090499878,,39
-395.64658,27.187063,-371.87085,-433.70197,1000.0,-364.799,59.430065,-264.8172,-445.029,1000.0,3.9538726806640625,16.76133155822754,205000,30.502339839935303,,40
-345.78906,38.878662,-311.36246,-400.1296,1000.0,-372.92694,54.323616,-300.58716,-440.97183,1000.0,1.3292168378829956,23.63822364807129,210000,31.184227228164673,,41
-369.4169,6.896827,-363.87152,-379.1384,1000.0,-318.83633,31.357798,-278.85614,-368.64124,1000.0,5.858072280883789,12.584028244018555,215000,31.869863986968994,,42
-269.40283,33.951923,-240.92911,-317.12155,1000.0,-318.0306,47.20086,-251.27252,-381.95102,1000.0,0.7552482485771179,12.113579750061035,220000,32.551259994506836,,43
-398.81018,62.88065,-310.8328,-454.02148,1000.0,-296.2669,30.327587,-257.4627,-328.36768,1000.0,0.6880594491958618,11.022332191467285,225000,33.231683015823364,,44
-328.1033,15.818977,-310.0432,-348.5673,1000.0,-307.6094,62.002216,-234.84499,-383.95935,1000.0,-2.7926084995269775,14.042217254638672,230000,33.94901514053345,,45
-307.08054,34.382374,-266.7463,-350.76538,1000.0,-301.9323,45.355717,-236.98985,-373.5134,1000.0,-2.4363598823547363,21.81061553955078,235000,34.69255089759827,,46
-280.09158,36.7161,-230.18724,-317.46454,1000.0,-300.71942,39.21688,-242.41937,-361.3828,1000.0,0.08879457414150238,12.717269897460938,240000,35.374130964279175,,47
-285.32193,66.24791,-192.05643,-339.65775,1000.0,-253.46492,35.8875,-196.16098,-288.8847,1000.0,5.439527988433838,15.353599548339844,245000,36.05711388587952,,48
-265.9146,41.59922,-218.21356,-319.5846,1000.0,-276.50543,19.541426,-250.20334,-307.17114,1000.0,-0.2562412917613983,10.814177513122559,250000,36.74345803260803,,49
-314.12888,26.225174,-277.05545,-333.5661,1000.0,-293.92816,23.968523,-263.3662,-327.88898,1000.0,-3.667006254196167,14.095162391662598,255000,37.477652072906494,,50
-302.36066,60.21378,-247.15572,-386.11346,1000.0,-297.23123,80.224174,-218.41614,-443.8162,1000.0,-2.5898234844207764,21.077062606811523,260000,38.161489963531494,,51
-265.3925,29.99782,-236.1229,-306.6219,1000.0,-279.96686,67.6198,-186.90837,-340.5388,1000.0,1.5750102996826172,20.33327865600586,265000,38.87255001068115,,52
-360.9454,81.73995,-278.38556,-472.29694,1000.0,-297.8231,34.30237,-248.80959,-344.53894,1000.0,-0.08682532608509064,16.572856903076172,270000,39.55573606491089,,53
-255.77336,14.577076,-240.65668,-275.47052,1000.0,-271.7951,20.757835,-239.27908,-291.50476,1000.0,1.9025490283966064,18.482624053955078,275000,40.23782706260681,,54
-244.52019,29.718573,-214.61928,-285.0488,1000.0,-269.91995,84.25799,-182.55658,-419.0909,1000.0,-1.1751922369003296,23.01715850830078,280000,40.92203402519226,,55
-233.69954,28.91462,-196.62517,-267.17664,1000.0,-216.78691,63.437943,-158.94965,-339.93658,1000.0,1.6131598949432373,14.814874649047852,285000,41.639347076416016,,56
-204.29028,35.982746,-156.34874,-243.0375,1000.0,-184.36969,31.769005,-158.00084,-246.41635,1000.0,2.8700993061065674,13.547264099121094,290000,42.33886694908142,,57
-220.46301,54.287666,-149.1849,-280.8063,1000.0,-197.64285,36.56653,-149.01721,-235.94025,1000.0,0.4845770597457886,15.512908935546875,295000,43.044394969940186,,58
-259.90384,75.41539,-161.91206,-345.36108,1000.0,-166.2266,43.007416,-110.26108,-215.15692,1000.0,0.4346305727958679,14.342815399169922,300000,43.79724407196045,,59
-243.83827,67.02255,-152.45294,-311.31567,1000.0,-204.55777,43.80355,-130.6827,-254.19322,1000.0,-0.6675991415977478,14.16482925415039,305000,44.67950487136841,,60
-107.87783,34.268467,-59.58744,-135.56146,1000.0,-202.07254,70.3607,-87.71404,-305.05215,1000.0,-1.6487609148025513,28.0046443939209,310000,45.35887789726257,,61
-137.49211,104.52271,-31.461044,-279.70157,1000.0,-221.53838,70.95243,-127.823814,-339.1415,1000.0,-3.417337417602539,33.54581832885742,315000,46.120609998703,,62
-54.23328,47.755978,12.396013,-97.105804,1000.0,-115.56319,30.464447,-77.87627,-167.94925,1000.0,7.3920111656188965,15.613629341125488,320000,46.80635190010071,,63
-87.39389,102.5418,-8.272678,-232.20233,1000.0,-88.08436,50.37876,-30.807926,-182.33574,1000.0,2.704242467880249,33.89463806152344,325000,47.48694109916687,,64
-97.63086,96.21335,-22.627039,-233.45027,1000.0,-37.00193,53.831646,38.768692,-117.51012,1000.0,0.5063945651054382,19.383800506591797,330000,48.169092893600464,,65
-28.68743,48.958153,35.831203,-82.7036,1000.0,-64.762955,72.58748,14.846221,-185.68802,1000.0,-5.478071212768555,24.722362518310547,335000,48.90724992752075,,66
1.8083318,38.988083,53.27809,-41.0512,1000.0,-8.907396,28.438183,30.175154,-53.058598,1000.0,2.0679078102111816,14.11902141571045,340000,49.616127014160156,,67
81.65609,23.59692,114.90172,62.529636,1000.0,29.08022,23.42923,68.22971,-1.1245193,1000.0,2.8623733520507812,12.350065231323242,345000,50.299201011657715,,68
48.745106,44.63548,86.59724,-13.929115,1000.0,38.351124,19.192429,56.40158,1.4126854,1000.0,-1.3074370622634888,11.727140426635742,350000,50.981881856918335,,69
27.828627,67.236115,107.44923,-56.997917,1000.0,8.012176,58.71067,63.15558,-87.59152,1000.0,-1.9282077550888062,16.076330184936523,355000,51.73382306098938,,70
73.864975,36.599445,106.70523,22.79781,1000.0,38.0459,81.773094,139.20459,-108.068344,1000.0,7.113418102264404,17.098888397216797,360000,52.417295932769775,,71
76.191414,44.30397,134.54651,27.258503,1000.0,64.50098,58.79557,144.14134,-26.610182,1000.0,-1.1268978118896484,14.260807991027832,365000,53.095317125320435,,72
112.504944,67.13764,200.03658,36.882347,1000.0,108.40623,57.338253,179.14034,12.904991,1000.0,3.09146785736084,17.7910213470459,370000,53.79371500015259,,73
118.76246,32.37375,163.6173,88.39009,1000.0,139.41313,28.151031,164.35083,88.67953,1000.0,3.897590160369873,12.695608139038086,375000,54.54039812088013,,74
57.2318,40.381752,94.026665,1.0106659,1000.0,71.305016,114.48184,223.0665,-120.08026,1000.0,-4.5144476890563965,23.839942932128906,380000,55.221450090408325,,75
75.777306,44.473804,123.751045,16.565878,1000.0,41.677177,77.47762,131.73315,-60.547127,1000.0,-5.192206382751465,16.52226448059082,385000,55.90368318557739,,76
116.96584,66.88297,168.0787,22.484787,1000.0,36.53515,114.78209,126.9532,-187.47813,1000.0,1.9301574230194092,16.7191162109375,390000,56.58692789077759,,77
100.53524,48.658432,157.55185,38.660877,1000.0,36.71951,51.150845,76.66772,-61.02716,1000.0,-1.8601783514022827,15.236174583435059,395000,57.26898908615112,,78
162.85052,69.90035,257.7527,91.43543,1000.0,86.089775,59.994457,183.56584,37.74859,1000.0,2.701766014099121,19.042062759399414,400000,57.95462203025818,,79
189.36308,66.42439,282.79398,134.2036,1000.0,173.37997,30.551218,210.64304,124.46315,1000.0,6.577946186065674,13.678801536560059,405000,58.658681869506836,,80
257.00613,23.591627,287.793,230.47833,1000.0,209.37436,94.48341,309.14877,33.017834,1000.0,0.16096486151218414,13.137771606445312,410000,59.373794078826904,,81
55.45685,232.81108,281.0761,-265.01465,1000.0,211.18816,39.509483,276.59497,161.95354,1000.0,-2.9929111003875732,13.881556510925293,415000,60.05645799636841,,82
233.58533,24.287296,267.07196,210.2244,1000.0,221.24976,55.232227,289.75208,149.82257,1000.0,-0.13081882894039154,13.48644733428955,420000,60.73704290390015,,83
282.31567,24.66436,306.8636,248.58139,1000.0,241.17412,34.210155,271.5006,176.85649,1000.0,9.369747161865234,18.164527893066406,425000,61.42067909240723,,84
240.10713,21.335434,261.35013,210.9289,1000.0,252.66418,68.74653,331.89655,131.6088,1000.0,1.7273699045181274,19.604433059692383,430000,62.10669708251953,,85
371.9381,41.20972,404.0038,313.76022,1000.0,308.37195,19.912647,340.16602,279.8637,1000.0,4.168325901031494,19.90046501159668,435000,62.78644609451294,,86
319.2184,44.66809,375.75604,266.54715,1000.0,270.74725,55.610992,343.75952,207.19568,1000.0,-3.637737989425659,16.073013305664062,440000,63.46951413154602,,87
341.43668,17.678316,357.45233,316.8033,1000.0,294.78827,75.944664,384.51984,159.64676,1000.0,1.8862800598144531,18.264089584350586,445000,64.16518998146057,,88
310.46075,32.4918,350.4383,270.85254,1000.0,315.73456,32.18708,360.43936,270.61462,1000.0,1.080936074256897,13.269865989685059,450000,64.84639000892639,,89
298.8308,48.95229,334.84625,229.62097,1000.0,288.5213,69.00407,373.83148,165.4361,1000.0,-2.0449016094207764,18.135971069335938,455000,65.52614617347717,,90
310.6402,16.202034,326.23343,288.30408,1000.0,230.30807,56.909058,285.27527,125.03639,1000.0,-3.2515976428985596,18.718904495239258,460000,66.20668292045593,,91
225.69514,118.03124,346.107,65.37529,1000.0,281.93176,30.891273,318.26962,242.59169,1000.0,1.0469443798065186,17.3480224609375,465000,66.88828706741333,,92
297.1216,53.76782,344.53058,221.93161,1000.0,336.84946,61.87439,411.8506,240.0364,1000.0,1.8336551189422607,17.743438720703125,470000,67.56739521026611,,93
278.2356,7.8362885,284.10962,267.16022,1000.0,291.19608,36.356728,332.97617,227.45099,1000.0,-4.4293365478515625,16.136632919311523,475000,68.24701595306396,,94
330.31662,3.5753477,335.2697,326.95987,1000.0,302.2092,79.15703,423.6233,216.69836,1000.0,2.1183109283447266,14.482745170593262,480000,68.92323684692383,,95
319.21323,34.457027,345.9801,270.56534,1000.0,343.55142,28.63796,374.26154,301.342,1000.0,1.9307496547698975,15.913533210754395,485000,69.6163580417633,,96
325.65613,56.15198,368.6382,246.33798,1000.0,339.751,27.059683,372.50824,294.66263,1000.0,-0.0421861931681633,18.902969360351562,490000,70.29260492324829,,97
399.1527,19.134523,425.33002,380.12634,1000.0,363.61923,80.84207,453.62122,251.08444,1000.0,1.5967497825622559,15.90678596496582,495000,70.97002696990967,,98
390.5796,102.70621,499.3966,252.85246,1000.0,378.86792,53.583332,440.44482,283.0753,1000.0,0.8381910920143127,15.542673110961914,500000,71.64780402183533,,99
========================================================================================

========================================================================================
Experiment: HalfCheetah-v4_cheetah_baseline_bgs1_sd1_20260225_151320
Logged at: 2026-02-25T15:14:32
Config: {"baseline_gradient_steps": 1, "baseline_learning_rate": 0.01, "batch_size": 5000, "discount": 0.95, "env_name": "HalfCheetah-v4", "ep_len": null, "eval_batch_size": 3000, "exp_name": "cheetah_baseline_bgs1", "gae_lambda": null, "layer_size": 64, "learning_rate": 0.01, "logs_txt_name": null, "n_iter": 100, "n_layers": 2, "no_gpu": false, "normalize_advantages": false, "save_dir": "/Users/sreeramranga/Documents/GitHub/cs185-hw-sp26/hw2/exp/HalfCheetah-v4_cheetah_baseline_bgs1_sd1_20260225_151320", "scalar_log_freq": 1, "seed": 1, "use_baseline": true, "use_reward_to_go": true, "video_log_freq": -1, "which_gpu": 0}
----------------------------------------------------------------------------------------
Eval_AverageReturn,Eval_StdReturn,Eval_MaxReturn,Eval_MinReturn,Eval_AverageEpLen,Train_AverageReturn,Train_StdReturn,Train_MaxReturn,Train_MinReturn,Train_AverageEpLen,Actor Loss,Baseline Loss,Train_EnvstepsSoFar,TimeSinceStart,Initial_DataCollection_AverageReturn,step
-751.82745,26.355953,-726.6806,-788.2269,1000.0,-642.65906,33.61849,-592.655,-692.393,1000.0,-107.60686492919922,185.2670440673828,5000,0.7675600051879883,-642.65906,0
-844.1501,25.417952,-823.4886,-879.9551,1000.0,-745.64685,35.96604,-693.062,-796.8627,1000.0,-124.19429779052734,247.08580017089844,10000,1.8616671562194824,,1
-847.221,85.52006,-728.12964,-925.0272,1000.0,-763.87146,69.20559,-652.1044,-832.5156,1000.0,-121.78299713134766,236.9217987060547,15000,2.538424015045166,,2
-928.0534,31.241718,-889.1261,-965.61584,1000.0,-886.05096,67.93492,-825.9258,-1008.5072,1000.0,-139.574951171875,297.4417724609375,20000,3.2152130603790283,,3
-973.82715,15.095577,-953.13696,-988.72766,1000.0,-883.6252,48.52551,-811.959,-946.57,1000.0,-135.81719970703125,290.4873352050781,25000,3.8935859203338623,,4
-922.2915,64.734085,-843.4518,-1002.00995,1000.0,-932.9875,28.484676,-904.95557,-977.91583,1000.0,-137.1740264892578,286.0822448730469,30000,4.589268922805786,,5
-954.7788,44.238018,-892.4109,-990.2272,1000.0,-965.363,45.1425,-918.78455,-1044.3358,1000.0,-133.92446899414062,279.90972900390625,35000,5.2678139209747314,,6
-936.2053,28.988184,-904.9247,-974.7937,1000.0,-940.8651,47.94204,-848.3076,-983.66473,1000.0,-123.80497741699219,247.27879333496094,40000,6.021626949310303,,7
-942.7702,29.54973,-905.0083,-977.1531,1000.0,-1027.9031,76.59624,-909.1353,-1150.8379,1000.0,-134.58279418945312,306.8303527832031,45000,6.81737494468689,,8
-895.4756,113.785866,-802.00745,-1055.6495,1000.0,-905.61053,66.98705,-777.4085,-973.61304,1000.0,-108.7551498413086,210.39112854003906,50000,7.489105939865112,,9
-883.4837,20.935719,-864.828,-912.7221,1000.0,-878.81433,94.20724,-729.8375,-990.8441,1000.0,-91.16606140136719,167.86500549316406,55000,8.164940118789673,,10
-827.5064,12.753059,-813.4968,-844.34784,1000.0,-921.1127,77.891846,-837.26337,-1052.2527,1000.0,-94.56144714355469,184.2238311767578,60000,8.83911919593811,,11
-830.06323,55.369316,-754.8364,-886.5005,1000.0,-847.4084,45.480213,-792.0571,-899.94574,1000.0,-66.03130340576172,91.04923248291016,65000,9.51279592514038,,12
-737.01,38.373295,-694.1498,-787.26746,1000.0,-822.4186,31.187433,-764.8562,-851.1057,1000.0,-80.06166076660156,164.1522674560547,70000,10.185564994812012,,13
-706.2039,96.236115,-577.3218,-808.51483,1000.0,-822.91455,51.877876,-768.223,-921.5275,1000.0,-75.28087615966797,153.07839965820312,75000,10.859731912612915,,14
-714.04926,40.331276,-664.8594,-763.6479,1000.0,-758.5472,82.18193,-669.0515,-869.1138,1000.0,-40.80964279174805,59.92280578613281,80000,11.549545049667358,,15
-901.91986,147.5014,-736.4352,-1094.6445,1000.0,-728.7596,49.732822,-658.1174,-811.7535,1000.0,-23.30033302307129,32.318748474121094,85000,12.223357915878296,,16
-671.0397,36.84205,-619.19714,-701.463,1000.0,-725.7561,67.639084,-623.2472,-811.93884,1000.0,-15.092864036560059,26.76456642150879,90000,12.897635221481323,,17
-677.8955,85.7723,-561.32855,-765.2383,1000.0,-660.1125,50.388912,-583.6124,-728.0005,1000.0,-2.177370309829712,27.841175079345703,95000,13.57319188117981,,18
-690.2441,46.83733,-635.9668,-750.2626,1000.0,-685.8511,59.75117,-604.70123,-777.1472,1000.0,-2.2843382358551025,25.638427734375,100000,14.249272108078003,,19
-653.12823,16.009363,-639.8236,-675.64526,1000.0,-645.44916,23.701374,-607.69006,-670.0163,1000.0,10.778904914855957,17.206928253173828,105000,14.926330089569092,,20
-596.783,10.491944,-581.97485,-604.9995,1000.0,-624.57874,60.005306,-530.1079,-693.4475,1000.0,11.807939529418945,33.7352294921875,110000,15.599704027175903,,21
-683.7762,17.777042,-660.98145,-704.35693,1000.0,-604.9619,63.23064,-503.12592,-674.3273,1000.0,22.043888092041016,26.974349975585938,115000,16.30416703224182,,22
-544.29254,32.43371,-516.5747,-589.8013,1000.0,-630.444,76.51543,-519.1084,-751.21387,1000.0,18.824350357055664,43.64939498901367,120000,17.16277313232422,,23
-580.0723,24.264675,-556.1741,-613.3479,1000.0,-596.1468,47.65792,-513.92773,-648.6755,1000.0,24.292129516601562,36.38759994506836,125000,17.843383073806763,,24
-598.7695,48.88785,-533.5323,-651.2152,1000.0,-587.1288,17.671457,-559.88574,-612.59827,1000.0,27.937562942504883,37.6549072265625,130000,18.523765087127686,,25
-544.23346,20.30609,-517.88477,-567.298,1000.0,-555.78845,25.856382,-534.3134,-603.1408,1000.0,32.5862922668457,43.906124114990234,135000,19.19795799255371,,26
-549.6801,21.449154,-530.85614,-579.69165,1000.0,-502.90692,50.017025,-433.75586,-584.93445,1000.0,39.11747741699219,46.70887756347656,140000,19.872420072555542,,27
-519.5579,63.70351,-432.5187,-583.2105,1000.0,-515.3711,54.88498,-458.00452,-619.4936,1000.0,36.35359573364258,45.44401931762695,145000,20.54505705833435,,28
-426.36877,73.29316,-324.03723,-491.8182,1000.0,-527.0964,26.888351,-493.61383,-559.40546,1000.0,34.613773345947266,40.36705017089844,150000,21.233829975128174,,29
-485.3937,55.490173,-441.47614,-563.67456,1000.0,-464.28662,10.624282,-452.00415,-479.76324,1000.0,34.88186264038086,61.26940155029297,155000,21.916972160339355,,30
-512.6119,12.317646,-498.02658,-528.1531,1000.0,-486.39633,44.162655,-430.531,-537.82715,1000.0,36.66246032714844,43.33274841308594,160000,22.590250968933105,,31
-510.56885,78.60156,-417.91336,-610.0805,1000.0,-455.75055,56.28086,-382.36142,-545.03296,1000.0,35.18051528930664,49.88223648071289,165000,23.263828992843628,,32
-373.52402,55.99882,-302.94904,-439.92712,1000.0,-462.30722,33.38542,-424.9134,-508.50452,1000.0,31.57939910888672,52.515899658203125,170000,23.937885999679565,,33
-479.2954,18.52997,-457.38562,-502.70062,1000.0,-504.862,68.69962,-435.43597,-636.1704,1000.0,19.1754093170166,41.40821075439453,175000,24.61284613609314,,34
-470.77026,46.875084,-433.7604,-536.90515,1000.0,-492.9251,59.088856,-446.7328,-605.99066,1000.0,22.764333724975586,41.24170684814453,180000,25.28617811203003,,35
-363.12448,66.88131,-268.58865,-413.01834,1000.0,-457.61615,55.218647,-349.3861,-497.82568,1000.0,18.833711624145508,41.432777404785156,185000,25.960638999938965,,36
-430.59634,22.177397,-404.75195,-458.90704,1000.0,-506.88022,31.04438,-469.69354,-554.6907,1000.0,-8.526895523071289,86.2066650390625,190000,26.645780086517334,,37
-405.8779,63.01534,-320.62756,-470.9905,1000.0,-445.48642,31.672045,-418.11572,-504.92944,1000.0,19.4696044921875,29.64667510986328,195000,27.321862936019897,,38
-410.4598,94.026474,-309.51318,-535.8918,1000.0,-432.3724,63.31102,-378.63437,-550.728,1000.0,19.084169387817383,34.34209060668945,200000,27.995568990707397,,39
-443.35648,76.07896,-347.59543,-533.71497,1000.0,-455.42853,43.98725,-403.0001,-533.3661,1000.0,13.492145538330078,25.614025115966797,205000,28.66997504234314,,40
-436.82935,37.953373,-386.23657,-477.6488,1000.0,-393.59515,81.28594,-314.7494,-533.6104,1000.0,13.893902778625488,36.272891998291016,210000,29.362014055252075,,41
-436.19516,110.043274,-345.4709,-591.0612,1000.0,-380.18228,43.02041,-324.5025,-427.9842,1000.0,15.485116004943848,25.68965721130371,215000,30.103114128112793,,42
-350.37906,50.98441,-280.42297,-400.48074,1000.0,-391.70172,43.18882,-353.75763,-464.51266,1000.0,10.609846115112305,24.79275894165039,220000,30.793986082077026,,43
-405.4503,61.96828,-318.84158,-460.34348,1000.0,-440.45685,127.993996,-270.99533,-649.4765,1000.0,-6.376555919647217,43.6557731628418,225000,31.559421062469482,,44
-422.12268,58.38519,-371.24557,-503.88074,1000.0,-398.17902,66.72934,-271.33084,-456.4552,1000.0,4.433460712432861,28.887399673461914,230000,32.30070495605469,,45
-453.46548,110.11971,-338.73804,-602.0308,1000.0,-410.44562,41.871746,-345.46964,-477.3482,1000.0,0.8331413865089417,25.52937889099121,235000,32.978358030319214,,46
-480.65125,47.16874,-437.11328,-546.1886,1000.0,-389.97565,28.310032,-355.56235,-419.83148,1000.0,1.062079668045044,29.0686092376709,240000,33.65239906311035,,47
-363.08408,16.410105,-340.73315,-379.6692,1000.0,-440.8873,53.64632,-372.29187,-531.719,1000.0,-6.334202289581299,33.765140533447266,245000,34.353976011276245,,48
-407.80344,52.233887,-334.11914,-449.17746,1000.0,-368.61993,38.64657,-308.12604,-422.77277,1000.0,1.6986521482467651,21.494365692138672,250000,35.04473614692688,,49
-473.38632,139.72437,-372.57364,-670.97266,1000.0,-414.82437,38.23176,-352.10278,-453.80844,1000.0,-6.467526435852051,24.887855529785156,255000,35.72945785522461,,50
-387.93542,13.744883,-377.3527,-407.34723,1000.0,-386.92426,100.49653,-228.69385,-537.34546,1000.0,-0.26637402176856995,31.985227584838867,260000,36.417925119400024,,51
-456.24747,28.495588,-429.4048,-495.6996,1000.0,-376.64145,63.8066,-294.6023,-475.6157,1000.0,-3.7709062099456787,28.48215675354004,265000,37.10015892982483,,52
-426.29324,92.34115,-355.9494,-556.7497,1000.0,-425.6206,64.76889,-322.03055,-524.2296,1000.0,-14.03756046295166,47.764408111572266,270000,37.802939891815186,,53
-475.22366,59.847355,-410.07425,-554.5875,1000.0,-412.95648,57.769318,-350.4308,-502.49872,1000.0,-12.462099075317383,34.60990524291992,275000,38.47650098800659,,54
-392.05396,63.548576,-321.21182,-475.36737,1000.0,-396.15057,26.931871,-358.2395,-428.38412,1000.0,-5.269060134887695,24.315509796142578,280000,39.15176296234131,,55
-356.98413,17.546787,-333.32593,-375.29797,1000.0,-382.21674,42.69255,-322.05927,-425.3343,1000.0,-5.763258934020996,33.939048767089844,285000,39.829472064971924,,56
-443.34912,159.86603,-310.54437,-668.20624,1000.0,-388.6041,81.99463,-289.9098,-496.38226,1000.0,-6.894145488739014,22.670883178710938,290000,40.50688600540161,,57
-320.39517,33.770966,-283.1709,-364.9203,1000.0,-380.50702,26.853968,-344.60193,-413.00708,1000.0,-4.366360664367676,20.310104370117188,295000,41.18606114387512,,58
-382.47757,27.341803,-343.8171,-402.4297,1000.0,-334.63638,42.139656,-263.35767,-388.57037,1000.0,2.2039072513580322,21.033002853393555,300000,41.87281107902527,,59
-304.63403,49.946404,-259.51215,-374.2585,1000.0,-340.42178,67.94508,-255.8711,-427.925,1000.0,-1.7262144088745117,25.69420051574707,305000,42.54575705528259,,60
-325.2441,20.852295,-297.19574,-347.1546,1000.0,-324.82843,23.15754,-289.9153,-353.71777,1000.0,1.6197731494903564,24.850357055664062,310000,43.220844984054565,,61
-381.537,37.67707,-328.96646,-415.3454,1000.0,-315.0108,47.938694,-242.8511,-392.84637,1000.0,5.829949378967285,17.529666900634766,315000,43.99387192726135,,62
-318.78735,14.612984,-298.21613,-330.78394,1000.0,-359.0704,71.0758,-287.95258,-492.38025,1000.0,-1.6694532632827759,22.241352081298828,320000,44.67067503929138,,63
-304.26505,78.907936,-234.84163,-414.64038,1000.0,-314.6876,53.766808,-244.36354,-403.6882,1000.0,3.4862735271453857,19.798677444458008,325000,45.34452724456787,,64
-338.26416,39.36841,-297.0489,-391.2876,1000.0,-374.3694,88.81851,-273.65448,-520.84784,1000.0,-3.8876070976257324,23.587499618530273,330000,46.031184911727905,,65
-257.68253,15.651348,-235.6752,-270.73688,1000.0,-344.53867,72.30518,-235.98804,-461.69516,1000.0,-0.4805089831352234,27.200319290161133,335000,46.72560000419617,,66
-307.71252,36.584934,-259.31055,-347.74457,1000.0,-302.15714,41.30398,-245.42085,-352.76215,1000.0,1.6986993551254272,27.77859115600586,340000,47.402843952178955,,67
-275.37564,25.763557,-247.65765,-309.71454,1000.0,-306.02258,52.864586,-257.92126,-402.84213,1000.0,3.8119492530822754,25.01072120666504,345000,48.217118978500366,,68
-301.02872,56.436462,-242.00835,-377.0691,1000.0,-312.24063,65.89144,-229.80913,-421.17917,1000.0,1.5835906267166138,27.107954025268555,350000,48.97053599357605,,69
-283.00693,20.444168,-263.1548,-311.13644,1000.0,-277.01263,42.31768,-206.29315,-325.15463,1000.0,3.2260282039642334,28.250167846679688,355000,49.64769506454468,,70
-345.1371,60.256546,-265.31592,-410.88782,1000.0,-302.9091,28.36919,-259.75055,-347.60153,1000.0,3.3372297286987305,22.42184066772461,360000,50.32628512382507,,71
-297.56845,6.2742653,-289.01706,-303.89474,1000.0,-237.98282,58.80395,-145.9318,-310.1117,1000.0,6.509918212890625,22.94767951965332,365000,51.02786898612976,,72
-268.15475,31.07171,-239.188,-311.25406,1000.0,-233.15263,60.957695,-171.85756,-323.50635,1000.0,8.921918869018555,22.47809600830078,370000,51.72345304489136,,73
-214.27739,96.83849,-86.65728,-321.11502,1000.0,-235.35596,42.204514,-163.28882,-271.81583,1000.0,11.530177116394043,15.448040962219238,375000,52.395707845687866,,74
-276.4086,21.74825,-258.2315,-306.98376,1000.0,-285.05093,49.359753,-213.78163,-349.48578,1000.0,3.285881280899048,21.41603660583496,380000,53.070950984954834,,75
-264.28375,13.191779,-246.48825,-278.03174,1000.0,-219.67038,41.61351,-139.58914,-251.90155,1000.0,9.426682472229004,15.862752914428711,385000,53.744072914123535,,76
-268.28256,48.506565,-199.79195,-305.8606,1000.0,-219.49199,18.765598,-194.21478,-241.70694,1000.0,10.884242057800293,19.02474594116211,390000,54.4192681312561,,77
-286.3486,36.006493,-240.07687,-327.89362,1000.0,-233.21823,62.141766,-131.0612,-296.84232,1000.0,6.231191635131836,20.263607025146484,395000,55.091246128082275,,78
-218.46696,11.362958,-202.65288,-228.84613,1000.0,-290.87912,39.24433,-232.71794,-342.96204,1000.0,-0.8749573230743408,24.19636344909668,400000,55.78092288970947,,79
-201.2032,2.1277702,-198.19447,-202.7489,1000.0,-220.30374,54.14153,-152.1058,-294.15457,1000.0,7.655290603637695,16.937759399414062,405000,56.45791697502136,,80
-154.57208,37.307476,-101.906425,-183.64682,1000.0,-147.2903,16.975174,-114.50132,-162.51178,1000.0,13.59750747680664,24.8674259185791,410000,57.17188000679016,,81
-153.47498,34.708538,-123.40377,-202.10843,1000.0,-167.27176,29.693748,-121.20355,-209.3668,1000.0,12.525172233581543,15.61681079864502,415000,57.855051040649414,,82
-170.7983,32.495243,-128.41246,-207.3695,1000.0,-171.44946,53.735443,-125.21423,-248.66391,1000.0,6.646482944488525,29.371538162231445,420000,58.52919602394104,,83
-122.500916,33.550156,-75.23645,-149.7348,1000.0,-179.65756,74.05219,-117.43066,-322.51526,1000.0,5.394819736480713,26.140262603759766,425000,59.218722105026245,,84
-141.30046,53.82688,-98.10142,-217.18057,1000.0,-134.58658,88.951744,-41.531033,-289.9824,1000.0,10.659729957580566,23.366300582885742,430000,59.906856060028076,,85
-140.77132,71.96252,-42.220867,-212.04117,1000.0,-182.30077,91.59749,-57.994423,-330.269,1000.0,1.1532038450241089,28.328468322753906,435000,60.58300018310547,,86
-82.66651,48.07944,-44.385403,-150.47293,1000.0,-158.1658,67.807304,-84.348724,-250.5264,1000.0,4.765357971191406,23.891925811767578,440000,61.29466104507446,,87
-71.55316,58.550167,-18.077099,-153.03986,1000.0,-143.87878,93.96622,-33.15357,-293.0014,1000.0,6.338461399078369,28.27145004272461,445000,61.981215953826904,,88
-77.291985,38.59746,-32.067642,-126.37518,1000.0,-136.12083,82.52226,-48.862827,-272.52325,1000.0,4.468021392822266,26.20792579650879,450000,62.65792798995972,,89
-45.385784,33.86976,-14.3125925,-92.49109,1000.0,-86.27272,125.69679,33.56026,-312.12,1000.0,10.44058609008789,34.06618118286133,455000,63.33206820487976,,90
8.063149,31.372341,46.375427,-30.469852,1000.0,-85.37606,76.37294,17.708263,-189.44089,1000.0,6.953092098236084,35.05564498901367,460000,64.00339603424072,,91
-118.04342,105.34274,30.824883,-197.40834,1000.0,-14.43405,38.82405,37.454597,-78.23718,1000.0,14.73711109161377,30.026256561279297,465000,64.67534589767456,,92
6.6216354,58.66565,88.89836,-43.757565,1000.0,-68.21257,96.005135,8.803329,-257.65665,1000.0,7.544796943664551,33.75416946411133,470000,65.35990405082703,,93
21.4803,65.75577,102.82761,-58.21506,1000.0,-43.59133,70.34326,29.801128,-176.7693,1000.0,7.643092155456543,38.54716491699219,475000,66.09481287002563,,94
-78.110825,111.06728,71.67131,-193.96404,1000.0,-88.97273,114.94779,18.389814,-230.24579,1000.0,2.2371387481689453,44.833553314208984,480000,66.8201630115509,,95
39.726414,41.32308,82.69509,-16.060469,1000.0,-47.39866,126.97246,138.97342,-252.82863,1000.0,6.167590618133545,46.65578842163086,485000,67.49054598808289,,96
-49.013042,49.698444,-1.0785294,-117.495636,1000.0,-35.669548,59.98618,28.960474,-144.53339,1000.0,5.2454938888549805,38.0857048034668,490000,68.16098308563232,,97
-20.2444,101.56711,67.66123,-162.5754,1000.0,11.393101,46.373806,61.242393,-66.79002,1000.0,9.869696617126465,48.730201721191406,495000,68.867684841156,,98
-14.335285,41.759968,32.76544,-68.739876,1000.0,31.052273,73.64033,135.50323,-91.88156,1000.0,10.60483169555664,33.35739517211914,500000,69.53480696678162,,99
========================================================================================
