
========================================================================================
Experiment: InvertedPendulum-v4_pendulum_smoke_sd1_20260225_165029
Logged at: 2026-02-25T16:50:32
Config: {"baseline_gradient_steps": 5, "baseline_learning_rate": 0.005, "batch_size": 100, "discount": 1.0, "env_name": "InvertedPendulum-v4", "ep_len": null, "eval_batch_size": 100, "exp_name": "pendulum_smoke", "gae_lambda": null, "layer_size": 64, "learning_rate": 0.005, "logs_txt_name": null, "n_iter": 1, "n_layers": 2, "no_gpu": true, "normalize_advantages": false, "save_dir": "/Users/sreeramranga/Documents/GitHub/cs185-hw-sp26/hw2/exp/InvertedPendulum-v4_pendulum_smoke_sd1_20260225_165029", "scalar_log_freq": 1, "seed": 1, "use_baseline": false, "use_reward_to_go": false, "video_log_freq": -1, "which_gpu": 0}
----------------------------------------------------------------------------------------
Eval_AverageReturn,Eval_StdReturn,Eval_MaxReturn,Eval_MinReturn,Eval_AverageEpLen,Train_AverageReturn,Train_StdReturn,Train_MaxReturn,Train_MinReturn,Train_AverageEpLen,Actor Loss,Train_EnvstepsSoFar,TimeSinceStart,Initial_DataCollection_AverageReturn,step
17.666666,6.674995,30.0,8.0,17.666666666666668,9.363636,4.4979334,20.0,4.0,9.363636363636363,14.416022300720215,103,0.0708761215209961,9.363636,0
========================================================================================

========================================================================================
Experiment: InvertedPendulum-v4_pendulum_default_sd1_20260225_165142
Logged at: 2026-02-25T16:52:26
Config: {"baseline_gradient_steps": 5, "baseline_learning_rate": 0.005, "batch_size": 5000, "discount": 1.0, "env_name": "InvertedPendulum-v4", "ep_len": null, "eval_batch_size": 1000, "exp_name": "pendulum_default", "gae_lambda": null, "layer_size": 64, "learning_rate": 0.005, "logs_txt_name": null, "n_iter": 100, "n_layers": 2, "no_gpu": false, "normalize_advantages": false, "save_dir": "/Users/sreeramranga/Documents/GitHub/cs185-hw-sp26/hw2/exp/InvertedPendulum-v4_pendulum_default_sd1_20260225_165142", "scalar_log_freq": 1, "seed": 1, "use_baseline": false, "use_reward_to_go": false, "video_log_freq": -1, "which_gpu": 0}
----------------------------------------------------------------------------------------
Eval_AverageReturn,Eval_StdReturn,Eval_MaxReturn,Eval_MinReturn,Eval_AverageEpLen,Train_AverageReturn,Train_StdReturn,Train_MaxReturn,Train_MinReturn,Train_AverageEpLen,Actor Loss,Train_EnvstepsSoFar,TimeSinceStart,Initial_DataCollection_AverageReturn,step
13.141026,8.333935,45.0,4.0,13.14102564102564,9.153564,5.4159865,40.0,3.0,9.153564899451554,17.247554779052734,5007,0.5501911640167236,9.153564,0
17.305084,10.596217,51.0,4.0,17.305084745762713,12.9328165,8.62696,61.0,3.0,12.9328165374677,25.871862411499023,10012,1.4950141906738281,,1
25.666666,13.780949,66.0,5.0,25.666666666666668,17.691229,12.23094,83.0,4.0,17.691228070175438,36.63322067260742,15054,1.9391460418701172,,2
30.705883,19.842808,104.0,10.0,30.705882352941178,25.12,16.767994,121.0,6.0,25.12,51.1944580078125,20078,2.3547279834747314,,3
38.62963,18.03525,75.0,12.0,38.629629629629626,33.13245,17.259098,85.0,5.0,33.13245033112583,58.51715087890625,25081,2.8058080673217773,,4
47.454544,21.97256,103.0,15.0,47.45454545454545,40.862904,19.937134,113.0,10.0,40.86290322580645,70.74539184570312,30148,3.2281599044799805,,5
49.809525,19.227013,89.0,20.0,49.80952380952381,47.13084,21.141748,133.0,13.0,47.13084112149533,79.34334564208984,35191,3.6452651023864746,,6
49.52381,20.44416,97.0,13.0,49.523809523809526,47.61905,22.537748,122.0,14.0,47.61904761904762,80.65142822265625,40191,4.0564680099487305,,7
53.9,17.273968,97.0,19.0,53.9,49.71287,21.032429,133.0,13.0,49.71287128712871,81.08744812011719,45212,4.523037910461426,,8
45.727272,14.823759,81.0,17.0,45.72727272727273,52.927082,17.063755,102.0,16.0,52.927083333333336,80.33819580078125,50293,4.956431150436401,,9
57.055557,22.694767,113.0,23.0,57.05555555555556,58.17442,19.034967,125.0,19.0,58.174418604651166,89.37542724609375,55296,5.364691972732544,,10
54.9,20.781963,103.0,28.0,54.9,54.5,20.369146,122.0,15.0,54.5,86.27909851074219,60310,5.786890983581543,,11
54.526318,20.653452,119.0,29.0,54.526315789473685,54.630436,23.617752,127.0,9.0,54.630434782608695,90.05786895751953,65336,6.209197998046875,,12
59.333332,24.177586,126.0,29.0,59.333333333333336,55.944443,22.446657,130.0,8.0,55.94444444444444,88.44144439697266,70371,6.619745969772339,,13
50.42857,16.0017,94.0,31.0,50.42857142857143,54.15054,21.438557,136.0,17.0,54.1505376344086,85.47232818603516,75407,7.030694007873535,,14
45.636364,19.578617,95.0,13.0,45.63636363636363,57.54023,24.32954,148.0,16.0,57.54022988505747,93.85222625732422,80413,7.436568021774292,,15
67.666664,24.515755,134.0,41.0,67.66666666666667,58.430233,24.369509,128.0,24.0,58.43023255813954,93.81908416748047,85438,7.843536138534546,,16
75.71429,24.297056,112.0,32.0,75.71428571428571,62.5625,29.209948,167.0,27.0,62.5625,104.05781555175781,90443,8.250539064407349,,17
79.07692,51.06626,237.0,40.0,79.07692307692308,62.6875,23.095234,133.0,28.0,62.6875,95.96166229248047,95458,8.656109094619751,,18
54.105263,18.049332,89.0,33.0,54.10526315789474,62.8,33.830975,199.0,26.0,62.8,109.25410461425781,100482,9.062572002410889,,19
66.86667,23.10517,104.0,38.0,66.86666666666666,60.385544,24.81975,133.0,14.0,60.3855421686747,97.32865905761719,105494,9.468809843063354,,20
52.736843,21.970894,83.0,7.0,52.73684210526316,58.569767,22.808372,112.0,9.0,58.56976744186046,91.65450286865234,110531,9.876235008239746,,21
49.285713,21.967817,88.0,13.0,49.285714285714285,53.67021,22.678318,150.0,11.0,53.670212765957444,85.11428833007812,115576,10.28744387626648,,22
59.64706,15.537209,89.0,24.0,59.64705882352941,54.15054,18.079243,88.0,9.0,54.1505376344086,81.0941390991211,120612,10.69484806060791,,23
63.75,17.66529,112.0,41.0,63.75,54.782608,18.350351,93.0,12.0,54.78260869565217,82.23649597167969,125652,11.116667032241821,,24
64.5625,9.835959,82.0,46.0,64.5625,65.28571,19.970015,123.0,10.0,65.28571428571429,96.36416625976562,130679,11.525490999221802,,25
81.15385,24.431524,132.0,45.0,81.15384615384616,71.45071,20.294167,118.0,35.0,71.45070422535211,103.05209350585938,135752,11.939963102340698,,26
128.5,25.980762,180.0,100.0,128.5,87.31035,31.2008,199.0,25.0,87.3103448275862,133.56451416015625,140816,12.348380088806152,,27
132.75,13.15057,156.0,118.0,132.75,110.78261,42.36175,252.0,46.0,110.78260869565217,170.31028747558594,145912,12.760038137435913,,28
155.75,54.974426,280.0,98.0,155.75,123.36585,45.50945,223.0,31.0,123.36585365853658,187.37376403808594,150970,13.18148398399353,,29
121.22222,47.06444,222.0,65.0,121.22222222222223,114.681816,30.139652,180.0,34.0,114.68181818181819,165.00735473632812,156016,13.59268307685852,,30
176.16667,72.879845,275.0,72.0,176.16666666666666,117.23256,45.014126,211.0,29.0,117.23255813953489,176.93109130859375,161057,13.999147891998291,,31
119.44444,24.784004,153.0,66.0,119.44444444444444,129.5641,54.890938,286.0,35.0,129.56410256410257,203.2982940673828,166110,14.412283182144165,,32
122.77778,55.276634,239.0,62.0,122.77777777777777,131.6842,57.013897,300.0,19.0,131.68421052631578,208.84385681152344,171114,14.820489883422852,,33
93.63636,33.46714,178.0,56.0,93.63636363636364,115.36364,47.74796,371.0,45.0,115.36363636363636,179.84335327148438,176190,15.22856593132019,,34
95.90909,15.553162,123.0,60.0,95.9090909090909,94.49056,29.614264,169.0,38.0,94.49056603773585,136.89920043945312,181198,15.635159015655518,,35
91.545456,30.840834,153.0,56.0,91.54545454545455,92.32727,28.428574,184.0,37.0,92.32727272727273,133.6112518310547,186276,16.044572114944458,,36
91.72727,28.51504,150.0,50.0,91.72727272727273,91.58182,21.827166,150.0,46.0,91.58181818181818,129.37554931640625,191313,16.450417041778564,,37
128.375,49.00239,219.0,64.0,128.375,103.46939,31.165197,220.0,45.0,103.46938775510205,150.21322631835938,196383,16.964566946029663,,38
126.111115,44.7473,237.0,83.0,126.11111111111111,147.14706,78.91475,479.0,77.0,147.14705882352942,251.07260131835938,201386,17.3755099773407,,39
106.5,38.0979,198.0,53.0,106.5,173.41379,94.481346,535.0,66.0,173.41379310344828,294.66650390625,206415,17.78305721282959,,40
100.545456,38.452717,209.0,48.0,100.54545454545455,109.25532,34.80858,245.0,56.0,109.25531914893617,158.08074951171875,211550,18.20047903060913,,41
113.7,19.498976,143.0,85.0,113.7,111.31111,50.562096,323.0,51.0,111.31111111111112,174.21543884277344,216559,18.61187505722046,,42
131.0,86.27862,338.0,36.0,131.0,122.65854,71.91852,502.0,43.0,122.65853658536585,215.2501983642578,221588,19.018518924713135,,43
155.0,63.017006,286.0,90.0,155.0,179.53572,61.398285,311.0,67.0,179.53571428571428,262.6700439453125,226615,19.426921844482422,,44
117.888885,28.582994,169.0,89.0,117.88888888888889,132.10527,42.88834,252.0,51.0,132.10526315789474,191.1791534423828,231635,19.834792852401733,,45
118.44444,40.467026,215.0,58.0,118.44444444444444,112.35555,27.789812,173.0,42.0,112.35555555555555,154.883056640625,236691,20.243677854537964,,46
84.416664,27.167562,127.0,35.0,84.41666666666667,94.58491,25.41611,137.0,29.0,94.58490566037736,133.08848571777344,241704,20.64819598197937,,47
85.083336,24.676096,128.0,33.0,85.08333333333333,83.7541,30.423058,146.0,20.0,83.75409836065573,122.92388153076172,246813,21.111414909362793,,48
98.0,49.370583,184.0,28.0,98.0,93.90741,31.593054,141.0,15.0,93.9074074074074,133.04200744628906,251884,21.52475905418396,,49
100.27273,62.669537,241.0,28.0,100.27272727272727,91.07273,36.117912,183.0,27.0,91.07272727272728,138.7713165283203,256893,21.93437886238098,,50
69.53333,36.90143,150.0,22.0,69.53333333333333,94.79245,49.886417,210.0,28.0,94.79245283018868,155.89532470703125,261917,22.341241121292114,,51
67.26667,36.23896,146.0,24.0,67.26666666666667,109.891304,67.549416,309.0,26.0,109.8913043478261,194.47799682617188,266972,22.748103141784668,,52
106.4,57.25417,218.0,45.0,106.4,139.13889,80.1953,362.0,30.0,139.13888888888889,235.49874877929688,271981,23.154258966445923,,53
162.0,117.220184,402.0,42.0,162.0,127.175,71.25829,322.0,29.0,127.175,213.4661865234375,277068,23.569168090820312,,54
215.33333,102.92824,360.0,58.0,215.33333333333334,125.833336,73.29715,370.0,22.0,125.83333333333333,214.563720703125,282353,24.009130001068115,,55
181.28572,114.646935,398.0,68.0,181.28571428571428,134.55263,83.31636,412.0,26.0,134.55263157894737,235.32493591308594,287466,24.43553614616394,,56
206.8,121.28216,396.0,67.0,206.8,163.2258,141.09975,737.0,24.0,163.2258064516129,360.7584228515625,292526,24.843043088912964,,57
129.5,68.28433,254.0,31.0,129.5,165.45161,86.26547,387.0,38.0,165.4516129032258,263.57293701171875,297655,25.25420308113098,,58
257.16666,185.00218,642.0,55.0,257.1666666666667,243.5238,206.73138,957.0,43.0,243.52380952380952,534.400390625,302769,25.696512937545776,,59
351.0,116.79327,440.0,186.0,351.0,228.13637,159.25232,642.0,57.0,228.13636363636363,420.420166015625,307788,26.107125997543335,,60
143.71428,65.21111,261.0,52.0,143.71428571428572,150.88235,98.00743,432.0,28.0,150.88235294117646,267.314453125,312918,26.51701307296753,,61
115.44444,75.175514,209.0,9.0,115.44444444444444,134.42105,60.971798,246.0,26.0,134.42105263157896,198.9737091064453,318026,26.928757905960083,,62
97.72727,43.451313,156.0,27.0,97.72727272727273,137.94595,55.136166,237.0,26.0,137.94594594594594,198.40225219726562,323130,27.34114718437195,,63
191.0,83.07627,306.0,29.0,191.0,133.26315,61.242268,374.0,27.0,133.26315789473685,201.0189208984375,328194,27.755410194396973,,64
309.5,159.66449,501.0,61.0,309.5,151.17647,78.22008,306.0,18.0,151.1764705882353,240.28121948242188,333334,28.180979013442993,,65
1000.0,0.0,1000.0,1000.0,1000.0,314.875,281.96097,1000.0,41.0,314.875,703.6400146484375,338372,28.58310604095459,,66
563.0,231.0,794.0,332.0,563.0,312.29413,287.29095,1000.0,28.0,312.29411764705884,691.86767578125,343681,29.011117935180664,,67
366.66666,280.06943,755.0,105.0,366.6666666666667,259.9524,253.80786,1000.0,27.0,259.95238095238096,623.1610107421875,349140,29.45070505142212,,68
214.0,178.37825,445.0,36.0,214.0,287.4737,278.92188,1000.0,51.0,287.4736842105263,684.9635620117188,354602,29.88609290122986,,69
187.83333,116.79814,420.0,43.0,187.83333333333334,299.55554,235.806,1000.0,22.0,299.55555555555554,589.3246459960938,359994,30.319512128829956,,70
84.666664,62.418392,208.0,19.0,84.66666666666667,218.04347,152.40178,651.0,29.0,218.04347826086956,394.3311767578125,365009,30.72262406349182,,71
45.391304,35.529217,119.0,5.0,45.391304347826086,88.91228,59.397053,195.0,5.0,88.91228070175438,155.25816345214844,370077,31.135797023773193,,72
46.863636,38.00155,111.0,4.0,46.86363636363637,57.70115,42.961117,160.0,4.0,57.701149425287355,105.9600601196289,375097,31.54366683959961,,73
43.875,37.33889,113.0,4.0,43.875,49.7451,38.29265,118.0,3.0,49.745098039215684,93.21997833251953,380171,31.958348035812378,,74
57.88889,29.966442,91.0,5.0,57.888888888888886,43.844826,35.0324,108.0,3.0,43.8448275862069,84.10897827148438,385257,32.37253713607788,,75
67.73333,25.579853,94.0,5.0,67.73333333333333,50.82828,35.31161,102.0,4.0,50.82828282828283,89.22671508789062,390289,32.77976894378662,,76
80.30769,30.496872,108.0,5.0,80.3076923076923,64.06329,34.557724,112.0,4.0,64.0632911392405,98.62150573730469,395350,33.19066500663757,,77
112.44444,13.2506695,139.0,95.0,112.44444444444444,82.01613,30.161657,120.0,4.0,82.01612903225806,110.75233459472656,400435,33.600664138793945,,78
126.5,17.965244,155.0,97.0,126.5,107.702126,14.453026,149.0,86.0,107.70212765957447,128.62295532226562,405497,34.008328914642334,,79
175.0,25.53429,208.0,132.0,175.0,129.53847,19.625788,184.0,98.0,129.53846153846155,158.13641357421875,410549,34.417248010635376,,80
596.5,130.5,727.0,466.0,596.5,173.34483,31.758003,247.0,119.0,173.3448275862069,215.2154083251953,415576,34.832229137420654,,81
1000.0,0.0,1000.0,1000.0,1000.0,468.54544,171.01959,868.0,214.0,468.54545454545456,626.003173828125,420730,35.24143409729004,,82
1000.0,0.0,1000.0,1000.0,1000.0,1000.0,0.0,1000.0,1000.0,1000.0,1172.030029296875,425730,35.639957904815674,,83
1000.0,0.0,1000.0,1000.0,1000.0,1000.0,0.0,1000.0,1000.0,1000.0,1170.7872314453125,430730,36.039794921875,,84
1000.0,0.0,1000.0,1000.0,1000.0,1000.0,0.0,1000.0,1000.0,1000.0,1189.367919921875,435730,36.43753790855408,,85
1000.0,0.0,1000.0,1000.0,1000.0,1000.0,0.0,1000.0,1000.0,1000.0,1176.7041015625,440730,36.836236000061035,,86
1000.0,0.0,1000.0,1000.0,1000.0,1000.0,0.0,1000.0,1000.0,1000.0,1185.0279541015625,445730,37.233558893203735,,87
1000.0,0.0,1000.0,1000.0,1000.0,1000.0,0.0,1000.0,1000.0,1000.0,1156.4454345703125,450730,37.63188409805298,,88
1000.0,0.0,1000.0,1000.0,1000.0,1000.0,0.0,1000.0,1000.0,1000.0,1191.22265625,455730,38.0311119556427,,89
1000.0,0.0,1000.0,1000.0,1000.0,1000.0,0.0,1000.0,1000.0,1000.0,1175.9593505859375,460730,38.42929291725159,,90
478.66666,288.74133,714.0,72.0,478.6666666666667,1000.0,0.0,1000.0,1000.0,1000.0,1167.0994873046875,465730,38.8556809425354,,91
116.2,25.384247,166.0,80.0,116.2,595.44446,292.7206,1000.0,237.0,595.4444444444445,872.5601806640625,471089,39.28952503204346,,92
72.666664,35.880665,153.0,37.0,72.66666666666667,152.97144,81.45586,392.0,42.0,152.97142857142856,231.04139709472656,476443,39.718234062194824,,93
65.5,27.953085,136.0,32.0,65.5,82.09836,38.40112,192.0,31.0,82.09836065573771,116.6228256225586,481451,40.12356185913086,,94
48.095238,16.584286,90.0,32.0,48.095238095238095,59.833332,22.46205,142.0,32.0,59.833333333333336,80.2613296508789,486477,40.52904391288757,,95
43.25,14.6095,90.0,29.0,43.25,46.37963,14.70054,103.0,31.0,46.379629629629626,60.47233581542969,491486,40.94047689437866,,96
40.8,16.034962,99.0,14.0,40.8,43.16379,12.995984,93.0,27.0,43.16379310344828,55.03023147583008,496493,41.34697484970093,,97
39.46154,10.842334,74.0,14.0,39.46153846153846,38.221375,9.797405,80.0,9.0,38.221374045801525,46.8274040222168,501500,41.755367040634155,,98
40.84,11.804,91.0,31.0,40.84,37.380596,9.617921,69.0,10.0,37.38059701492537,47.53390884399414,506509,42.16299319267273,,99
========================================================================================

========================================================================================
Experiment: InvertedPendulum-v4_pendulum_best_sd1_20260225_165235
Logged at: 2026-02-25T16:52:57
Config: {"baseline_gradient_steps": 10, "baseline_learning_rate": 0.01, "batch_size": 1000, "discount": 0.99, "env_name": "InvertedPendulum-v4", "ep_len": null, "eval_batch_size": 1000, "exp_name": "pendulum_best", "gae_lambda": 0.97, "layer_size": 64, "learning_rate": 0.003, "logs_txt_name": null, "n_iter": 120, "n_layers": 2, "no_gpu": false, "normalize_advantages": true, "save_dir": "/Users/sreeramranga/Documents/GitHub/cs185-hw-sp26/hw2/exp/InvertedPendulum-v4_pendulum_best_sd1_20260225_165235", "scalar_log_freq": 1, "seed": 1, "use_baseline": true, "use_reward_to_go": true, "video_log_freq": -1, "which_gpu": 0}
----------------------------------------------------------------------------------------
Eval_AverageReturn,Eval_StdReturn,Eval_MaxReturn,Eval_MinReturn,Eval_AverageEpLen,Train_AverageReturn,Train_StdReturn,Train_MaxReturn,Train_MinReturn,Train_AverageEpLen,Actor Loss,Baseline Loss,Train_EnvstepsSoFar,TimeSinceStart,Initial_DataCollection_AverageReturn,step
10.244898,6.4965634,50.0,3.0,10.244897959183673,8.474576,6.019336,40.0,3.0,8.474576271186441,-0.08348550647497177,32.35146713256836,1000,0.2345569133758545,8.474576,0
12.974359,7.0583186,36.0,4.0,12.974358974358974,10.350515,6.8429227,43.0,4.0,10.350515463917526,-0.06293346732854843,36.06809616088867,2004,0.7069666385650635,,1
16.095238,8.886791,41.0,4.0,16.095238095238095,13.064935,8.25304,54.0,3.0,13.064935064935066,-0.10903836041688919,50.30730056762695,3010,0.8560426235198975,,2
19.25,12.603228,62.0,5.0,19.25,16.079365,9.492355,49.0,4.0,16.07936507936508,-0.07299952208995819,61.24457550048828,4023,1.0025086402893066,,3
25.1,14.085099,65.0,6.0,25.1,18.618181,12.789898,63.0,5.0,18.618181818181817,-0.035130228847265244,98.02424621582031,5047,1.1642076969146729,,4
26.051283,11.183662,54.0,12.0,26.05128205128205,24.642857,14.257532,60.0,7.0,24.642857142857142,-0.056082550436258316,97.05036163330078,6082,1.3218936920166016,,5
28.222221,15.48496,72.0,9.0,28.22222222222222,26.076923,12.972129,62.0,8.0,26.076923076923077,-0.041633788496255875,80.6008529663086,7099,1.4756317138671875,,6
35.892857,14.869287,64.0,10.0,35.892857142857146,36.75,17.941622,68.0,8.0,36.75,-0.0630236566066742,122.07182312011719,8128,1.6296477317810059,,7
42.25,21.028255,100.0,16.0,42.25,35.482758,12.45854,57.0,14.0,35.48275862068966,-0.02933025360107422,72.0979995727539,9157,1.775998830795288,,8
44.47826,19.03057,92.0,14.0,44.47826086956522,36.41379,16.554024,72.0,9.0,36.41379310344828,-0.013756683096289635,96.99388885498047,10213,1.9242897033691406,,9
48.95238,23.162935,98.0,14.0,48.95238095238095,48.95238,21.896893,103.0,20.0,48.95238095238095,-0.010232072323560715,143.35462951660156,11241,2.0702388286590576,,10
44.739132,18.154451,106.0,17.0,44.73913043478261,48.52381,22.349218,93.0,15.0,48.523809523809526,-0.011260079219937325,122.2061767578125,12260,2.221944808959961,,11
48.52381,20.209896,92.0,16.0,48.523809523809526,45.727272,21.721756,99.0,20.0,45.72727272727273,-0.008321952074766159,158.35043334960938,13266,2.366710662841797,,12
53.0,24.698177,109.0,10.0,53.0,54.842106,19.131851,108.0,17.0,54.8421052631579,-0.04842408373951912,97.93607330322266,14308,2.516737699508667,,13
56.27778,31.359573,158.0,17.0,56.27777777777778,48.5,27.14565,142.0,16.0,48.5,-0.034751929342746735,155.85897827148438,15375,2.725618839263916,,14
52.1,15.139022,75.0,19.0,52.1,50.2,23.264994,111.0,20.0,50.2,-0.05223708227276802,145.48455810546875,16379,2.877687692642212,,15
53.31579,21.582285,115.0,23.0,53.31578947368421,64.875,33.557552,147.0,23.0,64.875,-0.038289450109004974,271.3663024902344,17417,3.0236690044403076,,16
66.0625,31.850174,140.0,24.0,66.0625,65.1875,28.504866,105.0,13.0,65.1875,-0.035647593438625336,111.17446899414062,18460,3.172348737716675,,17
64.1875,33.29831,149.0,19.0,64.1875,60.64706,20.369934,106.0,37.0,60.64705882352941,-0.03685934469103813,123.90428924560547,19491,3.3192079067230225,,18
55.666668,20.398802,98.0,14.0,55.666666666666664,64.625,24.173527,110.0,21.0,64.625,-0.043641068041324615,138.08938598632812,20525,3.4637739658355713,,19
66.375,20.343534,98.0,37.0,66.375,71.73333,29.091732,133.0,25.0,71.73333333333333,-0.02720559760928154,193.035888671875,21601,3.615294933319092,,20
72.07143,27.75007,122.0,31.0,72.07142857142857,75.0,35.604977,151.0,16.0,75.0,-0.043588198721408844,196.22604370117188,22651,3.7627599239349365,,21
76.46667,39.572495,173.0,28.0,76.46666666666667,81.92308,31.76709,145.0,40.0,81.92307692307692,-0.0255328007042408,242.10400390625,23716,3.9185616970062256,,22
75.92857,22.660427,125.0,48.0,75.92857142857143,71.42857,26.356657,120.0,33.0,71.42857142857143,-0.012032660655677319,126.56639099121094,24716,4.064124822616577,,23
80.84615,22.35327,115.0,42.0,80.84615384615384,78.38461,22.730995,113.0,37.0,78.38461538461539,-0.02079623006284237,131.2313690185547,25735,4.220643758773804,,24
74.64286,22.311455,131.0,37.0,74.64285714285714,91.083336,39.53365,151.0,39.0,91.08333333333333,0.0005685310461558402,231.40103149414062,26828,4.373718738555908,,25
82.14286,36.860466,163.0,28.0,82.14285714285714,91.63636,33.098404,145.0,40.0,91.63636363636364,-0.03163560479879379,208.38165283203125,27836,4.526465654373169,,26
77.23077,20.230038,118.0,44.0,77.23076923076923,92.333336,47.223465,187.0,34.0,92.33333333333333,0.008836197666823864,258.955322265625,28944,4.677348852157593,,27
94.545456,34.528942,154.0,38.0,94.54545454545455,94.27273,42.392303,199.0,45.0,94.27272727272727,-0.04464041814208031,330.9556884765625,29981,4.830107927322388,,28
94.27273,30.9988,155.0,51.0,94.27272727272727,97.27273,49.097473,218.0,38.0,97.27272727272727,-0.014956285245716572,234.658203125,31051,4.984314680099487,,29
97.181816,16.458313,128.0,75.0,97.18181818181819,101.6,32.48446,166.0,62.0,101.6,-0.03361861780285835,168.0714569091797,32067,5.1305296421051025,,30
112.44444,57.579147,251.0,34.0,112.44444444444444,85.416664,32.26055,154.0,51.0,85.41666666666667,-0.025238655507564545,233.6206512451172,33092,5.273907899856567,,31
94.666664,57.700855,224.0,32.0,94.66666666666667,88.583336,23.275375,135.0,56.0,88.58333333333333,-0.0438556969165802,162.04058837890625,34155,5.427050590515137,,32
99.454544,42.90023,198.0,58.0,99.45454545454545,104.2,18.454268,133.0,76.0,104.2,-0.019617239013314247,134.88958740234375,35197,5.579925775527954,,33
102.2,29.267048,147.0,44.0,102.2,127.666664,32.937653,176.0,76.0,127.66666666666667,0.015169985592365265,124.07633209228516,36346,5.734395742416382,,34
88.916664,26.43375,144.0,46.0,88.91666666666667,101.09091,27.605844,145.0,36.0,101.0909090909091,-0.006028405390679836,125.27836608886719,37458,5.886952877044678,,35
112.9,35.16376,175.0,58.0,112.9,84.75,31.123745,137.0,24.0,84.75,-0.02594856172800064,144.26364135742188,38475,6.036790609359741,,36
116.111115,31.099997,148.0,56.0,116.11111111111111,101.09091,29.115614,156.0,54.0,101.0909090909091,-0.016661979258060455,76.61864471435547,39587,6.187118768692017,,37
95.25,32.08355,175.0,50.0,95.25,118.77778,28.161352,165.0,81.0,118.77777777777777,-0.04341953992843628,92.88092041015625,40656,6.340660810470581,,38
106.8,27.290293,165.0,70.0,106.8,133.75,39.008812,212.0,95.0,133.75,0.014295058324933052,111.15666198730469,41726,6.490708827972412,,39
102.7,20.86648,154.0,72.0,102.7,110.2,28.992413,165.0,67.0,110.2,0.008462273515760899,68.77549743652344,42828,6.639294862747192,,40
101.4,33.422146,153.0,54.0,101.4,143.28572,81.06913,302.0,64.0,143.28571428571428,0.04149647057056427,236.89218139648438,43831,6.78071665763855,,41
129.5,31.658333,185.0,91.0,129.5,102.5,38.81559,175.0,34.0,102.5,-0.03187144547700882,86.64209747314453,44856,6.924427032470703,,42
180.16667,81.77901,334.0,92.0,180.16666666666666,119.0,37.223053,178.0,58.0,119.0,-0.018453611060976982,153.5911102294922,45927,7.073588848114014,,43
94.25,27.086666,159.0,61.0,94.25,98.454544,19.013697,136.0,71.0,98.45454545454545,-0.00596656696870923,64.44970703125,47010,7.2287938594818115,,44
114.111115,29.868023,164.0,76.0,114.11111111111111,115.111115,49.255444,249.0,78.0,115.11111111111111,-0.04132920503616333,83.17570495605469,48046,7.373218774795532,,45
129.875,70.727356,277.0,48.0,129.875,96.545456,33.64619,145.0,33.0,96.54545454545455,-0.06537006050348282,194.80137634277344,49108,7.52032995223999,,46
135.125,49.488476,213.0,59.0,135.125,126.0,45.816055,211.0,60.0,126.0,-0.020030103623867035,266.84649658203125,50242,7.762490749359131,,47
115.5,45.600986,199.0,36.0,115.5,132.875,50.10099,199.0,53.0,132.875,-0.05022156611084938,290.2425537109375,51305,8.017947912216187,,48
111.666664,34.842503,176.0,60.0,111.66666666666667,206.4,90.01244,349.0,117.0,206.4,-0.04093722626566887,337.6762390136719,52337,8.199411869049072,,49
134.125,48.278973,210.0,63.0,134.125,134.0,74.111404,279.0,30.0,134.0,0.00293440418317914,278.02276611328125,53409,8.39560079574585,,50
114.8,39.425373,188.0,51.0,114.8,128.11111,25.453419,169.0,81.0,128.11111111111111,-0.01644238457083702,57.89977264404297,54562,8.59590196609497,,51
134.875,48.916862,208.0,77.0,134.875,107.2,60.713757,232.0,37.0,107.2,-0.032415248453617096,350.96380615234375,55634,8.778586864471436,,52
128.375,45.94545,211.0,59.0,128.375,262.5,144.67982,501.0,124.0,262.5,-0.01139514148235321,180.149169921875,56684,8.99271559715271,,53
111.888885,31.501127,146.0,56.0,111.88888888888889,158.71428,36.20858,209.0,107.0,158.71428571428572,-0.021428469568490982,182.52828979492188,57795,9.148929595947266,,54
216.6,68.10169,323.0,110.0,216.6,177.66667,112.2522,395.0,73.0,177.66666666666666,-0.033651284873485565,441.44287109375,58861,9.301467895507812,,55
153.85715,53.324955,242.0,86.0,153.85714285714286,150.75,78.381676,314.0,47.0,150.75,-0.0200278889387846,477.08172607421875,60067,9.468090772628784,,56
166.28572,71.52765,297.0,88.0,166.28571428571428,132.375,32.935307,184.0,78.0,132.375,0.008422004990279675,343.9427490234375,61126,9.625664710998535,,57
203.4,97.10531,353.0,97.0,203.4,208.2,123.5644,427.0,53.0,208.2,-0.047555550932884216,451.6837158203125,62167,9.770965576171875,,58
204.16667,101.09635,381.0,94.0,204.16666666666666,254.75,131.15901,462.0,98.0,254.75,-0.03090549260377884,411.1951599121094,63186,9.931829690933228,,59
208.0,101.844986,366.0,91.0,208.0,223.2,83.874664,339.0,118.0,223.2,-0.03947038948535919,701.6754760742188,64302,10.083977937698364,,60
204.2,39.009743,268.0,156.0,204.2,192.66667,103.324196,384.0,87.0,192.66666666666666,-0.008237632922828197,484.7508239746094,65458,10.245497703552246,,61
344.5,39.714607,385.0,295.0,344.5,217.6,51.328743,272.0,125.0,217.6,0.01479949988424778,284.03509521484375,66546,10.439985752105713,,62
204.2,41.4941,268.0,140.0,204.2,209.2,124.23269,429.0,67.0,209.2,-0.011498788371682167,426.78509521484375,67592,10.585821866989136,,63
182.33333,64.5566,294.0,115.0,182.33333333333334,176.16667,40.209522,242.0,134.0,176.16666666666666,-0.010849103331565857,239.6039276123047,68649,10.73640775680542,,64
280.5,60.135265,372.0,219.0,280.5,315.0,61.595455,371.0,213.0,315.0,0.0046800244599580765,298.2294921875,69909,10.908108711242676,,65
271.0,96.093704,431.0,175.0,271.0,348.0,168.14874,497.0,113.0,348.0,0.024860907346010208,494.23046875,70953,11.077398777008057,,66
270.25,93.30963,379.0,129.0,270.25,392.0,207.14125,598.0,145.0,392.0,-0.020357554778456688,187.4423065185547,72521,11.278149843215942,,67
309.5,103.64724,449.0,159.0,309.5,295.0,113.335785,396.0,118.0,295.0,-0.07586536556482315,344.7264404296875,73701,11.452877759933472,,68
267.75,113.22406,445.0,141.0,267.75,249.2,117.56258,462.0,127.0,249.2,-0.029356664046645164,352.8965759277344,74947,11.61845874786377,,69
340.0,152.89867,506.0,137.0,340.0,281.5,83.45508,375.0,161.0,281.5,-0.015019199810922146,163.02090454101562,76073,11.780831813812256,,70
694.0,91.0,785.0,603.0,694.0,379.66666,97.2294,516.0,296.0,379.6666666666667,-0.04875810816884041,270.71142578125,77212,11.96093487739563,,71
320.0,342.30103,1000.0,95.0,320.0,1000.0,0.0,1000.0,1000.0,1000.0,-0.004455741494894028,344.1061706542969,78212,12.144407749176025,,72
377.0,210.5671,614.0,107.0,377.0,501.0,109.0,610.0,392.0,501.0,0.0030268847476691008,490.6197509765625,79214,12.31959080696106,,73
368.0,45.438602,416.0,307.0,368.0,348.0,85.525826,430.0,230.0,348.0,-0.04372314363718033,489.4443359375,80258,12.47006368637085,,74
222.2,104.12762,366.0,61.0,222.2,364.33334,322.73138,801.0,31.0,364.3333333333333,-0.028080713003873825,591.1478881835938,81351,12.625362873077393,,75
520.5,195.5,716.0,325.0,520.5,313.25,131.69733,415.0,87.0,313.25,-0.01371762715280056,468.79608154296875,82604,12.8015718460083,,76
369.33334,179.47021,621.0,215.0,369.3333333333333,777.0,135.0,912.0,642.0,777.0,-0.025044100359082222,325.3326721191406,84158,12.993634700775146,,77
565.5,311.5,877.0,254.0,565.5,205.0,111.357086,342.0,71.0,205.0,-0.04537409916520119,1096.17578125,85183,13.14802360534668,,78
902.5,97.5,1000.0,805.0,902.5,1000.0,0.0,1000.0,1000.0,1000.0,0.02731822058558464,627.1555786132812,86183,13.340741872787476,,79
341.66666,171.89209,554.0,133.0,341.6666666666667,582.0,295.02994,854.0,172.0,582.0,-0.041600290685892105,575.6156005859375,87929,13.532249689102173,,80
602.0,339.6979,1000.0,170.0,602.0,1000.0,0.0,1000.0,1000.0,1000.0,-0.01835055649280548,399.7125549316406,88929,13.72669792175293,,81
510.0,367.0,877.0,143.0,510.0,522.5,346.5,869.0,176.0,522.5,-0.03258221223950386,648.5203247070312,89974,13.871702671051025,,82
249.2,88.05317,330.0,107.0,249.2,548.0,291.14944,956.0,296.0,548.0,-0.05063451826572418,516.7816162109375,91618,14.073330879211426,,83
642.5,357.5,1000.0,285.0,642.5,1000.0,0.0,1000.0,1000.0,1000.0,0.006616857368499041,455.3087158203125,92618,14.233344793319702,,84
1000.0,0.0,1000.0,1000.0,1000.0,1000.0,0.0,1000.0,1000.0,1000.0,-0.022261425852775574,383.6902770996094,93618,14.377302646636963,,85
1000.0,0.0,1000.0,1000.0,1000.0,687.5,312.5,1000.0,375.0,687.5,-0.02916678972542286,524.1859130859375,94993,14.545543909072876,,86
1000.0,0.0,1000.0,1000.0,1000.0,1000.0,0.0,1000.0,1000.0,1000.0,0.005669590085744858,380.8406982421875,95993,14.687752962112427,,87
1000.0,0.0,1000.0,1000.0,1000.0,1000.0,0.0,1000.0,1000.0,1000.0,0.009496602229773998,372.7802429199219,96993,14.828155755996704,,88
639.3333,267.7814,1000.0,359.0,639.3333333333334,1000.0,0.0,1000.0,1000.0,1000.0,-0.02986304461956024,378.0430603027344,97993,15.027314901351929,,89
928.5,71.5,1000.0,857.0,928.5,1000.0,0.0,1000.0,1000.0,1000.0,0.009884992614388466,376.28363037109375,98993,15.222649812698364,,90
1000.0,0.0,1000.0,1000.0,1000.0,898.0,102.0,1000.0,796.0,898.0,-0.0032883009407669306,433.83355712890625,100789,15.417528629302979,,91
1000.0,0.0,1000.0,1000.0,1000.0,1000.0,0.0,1000.0,1000.0,1000.0,-0.006452350411564112,334.84356689453125,101789,15.562468767166138,,92
992.5,7.5,1000.0,985.0,992.5,1000.0,0.0,1000.0,1000.0,1000.0,-0.02780229225754738,379.6596374511719,102789,15.767908811569214,,93
1000.0,0.0,1000.0,1000.0,1000.0,838.5,161.5,1000.0,677.0,838.5,-0.025131167843937874,441.6731872558594,104466,15.95741868019104,,94
1000.0,0.0,1000.0,1000.0,1000.0,1000.0,0.0,1000.0,1000.0,1000.0,0.006976705510169268,382.66497802734375,105466,16.100138664245605,,95
1000.0,0.0,1000.0,1000.0,1000.0,1000.0,0.0,1000.0,1000.0,1000.0,0.0409422405064106,386.6367492675781,106466,16.25294589996338,,96
1000.0,0.0,1000.0,1000.0,1000.0,1000.0,0.0,1000.0,1000.0,1000.0,-0.006373126991093159,404.4699401855469,107466,16.395713806152344,,97
1000.0,0.0,1000.0,1000.0,1000.0,1000.0,0.0,1000.0,1000.0,1000.0,0.007215054705739021,397.80615234375,108466,16.53493571281433,,98
1000.0,0.0,1000.0,1000.0,1000.0,1000.0,0.0,1000.0,1000.0,1000.0,-0.022318577393889427,397.7843017578125,109466,16.67793583869934,,99
1000.0,0.0,1000.0,1000.0,1000.0,1000.0,0.0,1000.0,1000.0,1000.0,-0.02498653158545494,400.7273864746094,110466,16.819727897644043,,100
1000.0,0.0,1000.0,1000.0,1000.0,632.5,367.5,1000.0,265.0,632.5,-0.0002969485358335078,555.6780395507812,111731,16.979297637939453,,101
524.5,215.5,740.0,309.0,524.5,1000.0,0.0,1000.0,1000.0,1000.0,0.014852246269583702,398.1969909667969,112731,17.12564778327942,,102
731.5,268.5,1000.0,463.0,731.5,1000.0,0.0,1000.0,1000.0,1000.0,-0.04355040565133095,390.9836120605469,113731,17.36609983444214,,103
1000.0,0.0,1000.0,1000.0,1000.0,1000.0,0.0,1000.0,1000.0,1000.0,0.023669052869081497,389.7642517089844,114731,17.509321928024292,,104
1000.0,0.0,1000.0,1000.0,1000.0,1000.0,0.0,1000.0,1000.0,1000.0,0.011580697260797024,405.1053771972656,115731,17.680927991867065,,105
1000.0,0.0,1000.0,1000.0,1000.0,1000.0,0.0,1000.0,1000.0,1000.0,0.03202614560723305,393.114990234375,116731,17.82633376121521,,106
1000.0,0.0,1000.0,1000.0,1000.0,566.0,434.0,1000.0,132.0,566.0,0.00548820523545146,613.3375854492188,117863,17.980430841445923,,107
1000.0,0.0,1000.0,1000.0,1000.0,1000.0,0.0,1000.0,1000.0,1000.0,-0.02929103560745716,395.7742614746094,118863,18.142765760421753,,108
754.5,245.5,1000.0,509.0,754.5,1000.0,0.0,1000.0,1000.0,1000.0,-0.006175407208502293,402.8312072753906,119863,18.322906732559204,,109
574.0,426.0,1000.0,148.0,574.0,1000.0,0.0,1000.0,1000.0,1000.0,0.009964795783162117,388.7469482421875,120863,18.47210669517517,,110
831.5,124.5,956.0,707.0,831.5,593.0,48.0,641.0,545.0,593.0,-0.006863554008305073,515.3513793945312,122049,18.669018745422363,,111
430.33334,376.45038,960.0,119.0,430.3333333333333,406.0,82.76875,486.0,292.0,406.0,0.014852221123874187,421.90789794921875,123267,18.842853784561157,,112
609.0,391.0,1000.0,218.0,609.0,379.33334,162.79298,519.0,151.0,379.3333333333333,0.0017214399995282292,494.51361083984375,124405,19.00789475440979,,113
560.6667,311.8219,1000.0,308.0,560.6666666666666,857.0,143.0,1000.0,714.0,857.0,-0.02799663320183754,373.4568176269531,126119,19.24218773841858,,114
1000.0,0.0,1000.0,1000.0,1000.0,623.0,284.0,907.0,339.0,623.0,-0.04518371820449829,460.0081787109375,127365,19.417526721954346,,115
1000.0,0.0,1000.0,1000.0,1000.0,1000.0,0.0,1000.0,1000.0,1000.0,0.012735210359096527,367.94415283203125,128365,19.560184717178345,,116
1000.0,0.0,1000.0,1000.0,1000.0,1000.0,0.0,1000.0,1000.0,1000.0,-0.006182758137583733,322.18438720703125,129365,19.7007098197937,,117
1000.0,0.0,1000.0,1000.0,1000.0,611.0,389.0,1000.0,222.0,611.0,0.018926383927464485,486.5372314453125,130587,19.854727745056152,,118
1000.0,0.0,1000.0,1000.0,1000.0,1000.0,0.0,1000.0,1000.0,1000.0,-0.008290727622807026,390.4410095214844,131587,19.998477697372437,,119
========================================================================================
